P M R nu
1e-07 7.312880564664713e-05 0.4458386754033909 0 
7.10345458984375e-07 0.0013736591903608596 1.1847650134222496 0 
1.32069091796875e-06 0.0034552445879648917 1.610733064474822 0 
1.931036376953125e-06 0.006061527525128001 1.9420027576769774 0 
2.5413818359375e-06 0.009081082349564954 2.2214028538637427 0 
3.151727294921875e-06 0.01244538703274174 2.466665912063221 0 
3.7620727539062504e-06 0.016106294149097984 2.6871955220402968 0 
4.372418212890625e-06 0.02002731805263847 2.8886967885414974 0 
4.982763671875e-06 0.02417950507942908 3.0749465409610948 0 
5.593109130859376e-06 0.02853904029766057 3.248598680281373 0 
6.20345458984375e-06 0.03308591955142356 3.411606639069839 0 
6.813800048828125e-06 0.037802954588189656 3.5654566964460743 0 
7.4241455078125e-06 0.04267521756659727 3.7113133711970696 0 
8.034490966796875e-06 0.04768955241366141 3.8501088771256056 0 
8.64483642578125e-06 0.052834256327723254 3.982603748960276 0 
9.255181884765626e-06 0.05809886913262093 4.109429312056426 0 
9.86552734375e-06 0.06347390910683785 4.2311150466519365 0 
1.0475872802734373e-05 0.06895082205620603 4.348112559434755 0 
1.1086218261718749e-05 0.07452175714434835 4.460808798618964 0 
1.1696563720703124e-05 0.08017955369954867 4.569539981955586 0 
1.23069091796875e-05 0.0859176204883499 4.674599854795713 0 
1.2917254638671875e-05 0.09172985154817304 4.776246634380942 0 
1.352760009765625e-05 0.09761064412020337 4.874710118870386 0 
1.4137945556640626e-05 0.10355474298422257 4.970194033009377 0 
1.4748291015625001e-05 0.10955730395954993 5.062881860240289 0 
1.5358636474609376e-05 0.11561379454446549 5.152938476586097 0 
1.596898193359375e-05 0.12171996092737826 5.240512751312921 0 
1.6579327392578124e-05 0.12787187406022268 5.325740684599865 0 
1.71896728515625e-05 0.13406579542028724 5.408745453587828 0 
1.7800018310546875e-05 0.14029824978189595 5.489640180660965 0 
1.841036376953125e-05 0.14656597568047552 5.568528845244601 0 
1.9020709228515625e-05 0.1528658641103202 5.645506614770007 0 
1.96310546875e-05 0.1591950444929784 5.720662093660218 0 
2.0241400146484376e-05 0.1655507667531147 5.7940768362089825 0 
2.085174560546875e-05 0.17193043462382107 5.865826350350983 0 
2.1462091064453127e-05 0.17833164053619097 5.93598158950375 0 
2.2072436523437502e-05 0.18475205196158703 6.004607976069997 0 
2.2682781982421877e-05 0.19118949071678296 6.071766842660772 0 
2.3293127441406253e-05 0.19764191160112157 6.137515917620178 0 
2.3903472900390625e-05 0.20410732831477404 6.201908771264058 0 
2.4513818359375e-05 0.21058390586590897 6.264996160339296 0 
2.5124163818359376e-05 0.21706989069011232 6.32682566349216 0 
2.5734509277343747e-05 0.22356358717740007 6.387441944416133 0 
2.6344854736328123e-05 0.23006343913150962 6.446887532673153 0 
2.6955200195312498e-05 0.23656793840564058 6.505202399769532 0 
2.7565545654296874e-05 0.24307563238365507 6.562424057501784 0 
2.817589111328125e-05 0.24958519407929483 6.618588706604889 0 
2.8786236572265624e-05 0.2560953248327999 6.673730183633464 0 
2.939658203125e-05 0.26260477547878996 6.727880567311139 0 
3.0006927490234375e-05 0.26911241017032317 6.781070860136371 0 
3.061727294921875e-05 0.2756171106602264 6.833330128938283 0 
3.122761840820312e-05 0.2821177988524282 6.884686033681368 0 
3.1837963867187494e-05 0.28861349929739183 6.935165262726857 0 
3.2448309326171866e-05 0.2951032508559928 6.984793136607071 0 
3.3058654785156245e-05 0.30158612057086875 7.033593603025157 0 
3.3669000244140624e-05 0.308061266750144 7.081589980715209 0 
3.4279345703124996e-05 0.31452786711130937 7.128804443418799 0 
3.488969116210937e-05 0.32098511399497676 7.175257886651184 0 
3.5500036621093747e-05 0.3274322737052394 7.2209707597024195 0 
3.6110382080078125e-05 0.3338686500275302 7.265962637983512 0 
3.67207275390625e-05 0.3402935441186167 7.310252017483857 0 
3.733107299804687e-05 0.3467063104302159 7.353856875833442 0 
3.794141845703125e-05 0.35310636371120985 7.396794502901886 0 
3.855176391601563e-05 0.35949310187988714 7.43908156325214 0 
3.9162109375e-05 0.36586595657796644 7.480733614082255 0 
3.977245483398437e-05 0.37222443115873355 7.521766455047516 0 
4.038280029296875e-05 0.3785680148538442 7.56219472266995 0 
4.099314575195313e-05 0.3848962116463526 7.602032564305537 0 
4.16034912109375e-05 0.39120858499385586 7.6412938316595005 0 
4.221383666992187e-05 0.39750471573255297 7.679991829840697 0 
4.282418212890625e-05 0.4037841761846222 7.718139301666463 0 
4.343452758789063e-05 0.41004657099870884 7.755748529922752 0 
4.4044873046875e-05 0.4162915614325257 7.7928316419449475 0 
4.4655218505859374e-05 0.42251878567115236 7.82940018923931 0 
4.526556396484375e-05 0.4287278954465193 7.865465087637312 0 
4.587590942382813e-05 0.4349185930492614 7.9010373622909915 0 
4.64862548828125e-05 0.4410905928923377 7.936127515507356 0 
4.7096600341796875e-05 0.4472435971645849 7.970745600676028 0 
4.770694580078125e-05 0.4533773292718471 8.004901397151574 0 
4.831729125976562e-05 0.4594915661418569 8.038604501217943 0 
4.892763671875e-05 0.46558606468204067 8.071864116665244 0 
4.953798217773438e-05 0.4716605860150579 8.104689200852944 0 
5.014832763671875e-05 0.47771491905611524 8.137088261268426 0 
5.075867309570312e-05 0.48374889059839526 8.169070126173398 0 
5.136901855468749e-05 0.48976230162873013 8.200642554654051 0 
5.1979364013671865e-05 0.49575496318442513 8.231813700100178 0 
5.258970947265624e-05 0.501726720551735 8.2625912124234 0 
5.320005493164062e-05 0.5076774373890259 8.292982712404605 0 
5.3810400390624994e-05 0.5136069564968401 8.32299540411307 0 
5.4420745849609366e-05 0.5195151311042662 8.35263630913597 0 
5.5031091308593745e-05 0.5254018523754106 8.38191241479957 0 
5.5641436767578124e-05 0.531267015457419 8.410830468361482 0 
5.6251782226562495e-05 0.5371105004493408 8.439397010418746 0 
5.686212768554687e-05 0.5429321964589301 8.467618128934271 0 
5.7472473144531246e-05 0.5487320296854599 8.495500352524889 0 
5.8082818603515625e-05 0.554509925672779 8.52304959170816 0 
5.86931640625e-05 0.5602657964156701 8.550271709967882 0 
5.930350952148437e-05 0.5659995615702625 8.57717238047936 0 
5.991385498046875e-05 0.5717111728821106 8.603757314296814 0 
6.0524200439453126e-05 0.5774005860158422 8.63003183696345 0 
6.11345458984375e-05 0.5830677402031427 8.656001359544605 0 
6.174489135742187e-05 0.5887125811254771 8.681670944898816 0 
6.235523681640624e-05 0.5943350778304259 8.707045638968978 0 
6.296558227539061e-05 0.5999352155134781 8.732130545188811 0 
6.357592773437499e-05 0.6055129568236173 8.756930321259885 0 
6.418627319335936e-05 0.6110682698182462 8.781449723528715 0 
6.479661865234373e-05 0.61660113599879 8.80569323884427 0 
6.601730957031249e-05 0.6275995427306332 8.853370784253054 0 
6.723800048828125e-05 0.6385080968878195 8.899997415087268 0 
6.845869140624999e-05 0.6493268468888824 8.945606370799148 0 
6.967938232421873e-05 0.6600558649084164 8.990229089121787 0 
7.090007324218749e-05 0.6706952834672872 9.033895883558039 0 
7.212076416015625e-05 0.6812453185011561 9.076635557738278 0 
7.334145507812499e-05 0.6917061712774274 9.118475880572179 0 
7.456214599609374e-05 0.7020781717492606 9.159443446047238 0 
7.57828369140625e-05 0.7123615967770526 9.199563469035555 0 
7.700352783203125e-05 0.7225568462973074 9.238860599738661 0 
7.822421875e-05 0.7326642939878968 9.27735803321402 0 
7.944490966796874e-05 0.7426843594764816 9.315078534483984 0 
8.06656005859375e-05 0.7526175255767444 9.352043579470358 0 
8.188629150390625e-05 0.762464230199776 9.388273955890961 0 
8.3106982421875e-05 0.7722250211341444 9.423789805074941 0 
8.432767333984374e-05 0.7819003961558125 9.458610241636734 0 
8.55483642578125e-05 0.7914908981053503 9.492753772693714 0 
8.676905517578126e-05 0.8009971172786637 9.526238459857575 0 
8.798974609375e-05 0.8104195917694142 9.559081462945784 0 
8.921043701171874e-05 0.8197589515832129 9.591299174023362 0 
9.04311279296875e-05 0.829015789494244 9.622907861733854 0 
9.165181884765626e-05 0.8381907021410295 9.653922897170057 0 
9.2872509765625e-05 0.8472843575008677 9.684359230808933 0 
9.409320068359375e-05 0.8562973608669379 9.714231202297839 0 
9.531389160156249e-05 0.8652303592034026 9.74355270230413 0 
9.653458251953124e-05 0.8740840295946967 9.772337345118597 0 
9.77552734375e-05 0.8828589944453825 9.80059803082422 0 
9.897596435546875e-05 0.8915559373426115 9.828347436208148 0 
0.0001001966552734375 0.9001755326601099 9.855597690379485 0 
0.00010141734619140624 0.9087184192390281 9.882360497788545 0 
0.00010263803710937498 0.917185298714035 9.908647458849295 0 
0.00010385872802734373 0.9255768441978536 9.934469502608328 0 
0.00010507941894531248 0.9338937042064279 9.95983722059599 0 
0.00010630010986328124 0.9421365856424152 9.984761259986668 0 
0.00010752080078124999 0.9503061622395156 10.00925156743915 0 
0.00010874149169921873 0.9584030849280282 10.03331768069344 0 
0.00010996218261718749 0.9664280566700942 10.056969322334176 0 
0.00011240356445312499 0.982264821340255 10.103065573474327 0 
0.00011484494628906249 0.9978218253781705 10.147610287581447 0 
0.00011728632812499999 1.0131043917976723 10.190669752995582 0 
0.00011972770996093749 1.0281178539957685 10.232306516204673 0 
0.000122169091796875 1.0428674135459393 10.272579495406553 0 
0.00012461047363281248 1.0573582757542537 10.31154461056236 0 
0.00012705185546874997 1.0715955545025624 10.349254750678394 0 
0.00012949323730468746 1.085584269996221 10.385759597618536 0 
0.00013193461914062497 1.0993294238640625 10.42110699263326 0 
0.0001343760009765625 1.1128358591427647 10.455341713344577 0 
0.00013681738281249998 1.126108425878773 10.488506579164792 0 
0.00013925876464843746 1.1391518008206796 10.520642002142544 0 
0.00014170014648437498 1.1519706612649125 10.551786826707634 0 
0.0001441415283203125 1.1645695183638496 10.581977566794425 0 
0.00014658291015624998 1.176952869714338 10.611249318432256 0 
0.00014902429199218747 1.189125056570641 10.639635301113362 0 
0.00015146567382812498 1.2010903993931816 10.66716718936968 0 
0.0001539070556640625 1.2128530648623865 10.693875527459316 0 
0.0001563484375 1.224417201609948 10.719788949751669 0 
0.00015878981933593748 1.2357867984289312 10.74493519664166 0 
0.000161231201171875 1.246965838315954 10.769340682337708 0 
0.0001636725830078125 1.2579581355050018 10.79303033762445 0 
0.00016611396484375 1.268767506787709 10.81602865734684 0 
0.000170996728515625 1.2898520686668944 10.860042109841515 0 
0.0001758794921875 1.3102480901589186 10.901554198118832 0 
0.000180762255859375 1.3299828819935637 10.940723889945838 0 
0.00018564501953125 1.3490825469479517 10.97769763785637 0 
0.00019052778320312498 1.3675720143430776 11.012610391304944 0 
0.00019541054687499998 1.3854750869804353 11.045586648790248 0 
0.000200293310546875 1.4028145162725731 11.07674149681962 0 
0.00020517607421874996 1.4196120340436647 11.106181794788773 0 
0.00021005883789062497 1.4358883844346544 11.134006444364537 0 
0.00021494160156249997 1.4516633591043402 11.160306926291135 0 
0.00021982436523437497 1.4669558978520307 11.185169108674792 0 
0.00022470712890624997 1.4817840885740874 11.208672244868671 0 
0.00022958989257812498 1.4961651732801506 11.230890320739785 0 
0.00023447265624999998 1.5101156778888867 11.251892725484643 0 
0.00024423818359375 1.536787335086558 11.290504331069599 0 
0.0002540037109375 1.561917128209822 11.324975517869163 0 
0.00026376923828125 1.5856130622355096 11.355717161755953 0 
0.000273534765625 1.607974051421251 11.383091777926403 0 
0.00028330029296875 1.6290907801290304 11.407419633592278 0 
0.0002930658203125 1.6490464837758907 11.428985240242255 0 
0.00030283134765624997 1.667917650513896 11.448040773790392 0 
0.000312596875 1.6857746521110661 11.464812568945932 0 
0.00033212792968749993 1.718700408127787 11.492290538196846 0 
0.00035165898437499994 1.7482845357001722 11.512799676115808 0 
0.00037119003906249995 1.7749206762226493 11.5274603148914 0 
0.00039072109374999997 1.7989467224428086 11.537189790033004 0 
0.000429783203125 1.8402943437583228 11.54475293110829 0 
0.0004688453125 1.874223567590245 11.540145316871815 0 
0.0005079074218749999 1.9021763134247156 11.526649134311539 0 
0.00054696953125 1.9252648878877103 11.506623797624277 0 
0.000586031640625 1.9443584947332817 11.481794570815413 0 
0.00062509375 1.960144336573171 11.453440681168718 0 
0.000664155859375 1.973171519272009 11.422522090588554 0 
0.00070321796875 1.9838830234739062 11.389766576033477 0 
0.0007422800781250001 1.992639375807283 11.35572984183036 0 
0.0007813421875 1.9997363266930825 11.320839603855317 0 
0.0008204042968749999 2.005418276549239 11.285426564722327 0 
0.0008594664062499999 2.009888551607645 11.24974710166164 0 
0.0008985285156249999 2.0133173477378086 11.21400088084909 0 
0.000937590625 2.0158479451089257 11.178342838493947 0 
0.000976652734375 2.0176015953724598 11.142893936893678 0 
0.00101571484375 2.018681408299295 11.10774765392449 0 
0.001054776953125 2.01917546486406 11.072976159100536 0 
0.0010938390625 2.0191593213645884 11.03863444027787 0 
0.001132901171875 2.018698037703205 11.004763759638793 0 
0.0011719632812500001 2.017847846295519 10.971394799875931 0 
0.001211025390625 2.016657507870234 10.938549853629844 0 
0.0012500875 2.015169436879872 10.90624356023772 0 
0.001289149609375 2.013420640618378 10.874486002851112 0 
0.0013282117187499998 2.011443489278116 10.843281432643089 0 
0.0013672738281249998 2.0092663738837766 10.812631759725145 0 
0.0014063359374999998 2.0069142530458026 10.782535531375038 0 
0.0014453980468749998 2.0044091167636 10.752988984678629 0 
0.0014844601562499999 2.001770378015554 10.723986804173478 0 
0.0015235222656249999 1.9990152079634653 10.695521543189436 0 
0.001562584375 1.9961588234235714 10.667585506936865 0 
0.001601646484375 1.9932147265053854 10.64017001474666 0 
0.00164070859375 1.9901949217401318 10.613265430308815 0 
0.001679770703125 1.9871100955804524 10.58686154170287 0 
0.0017188328125 1.9839697667072576 10.560948499304295 0 
0.001757894921875 1.9807824315791163 10.535515493566612 0 
0.00179695703125 1.9775556792445261 10.510551829726047 0 
0.00187508125 1.9710103395577891 10.46199066959417 0 
0.00195320546875 1.9643799076720239 10.415180343244906 0 
0.0020313296874999998 1.9577014075559667 10.370037526235972 0 
0.00210945390625 1.9510046024723946 10.326482459840232 0 
0.002187578125 1.9443134101753585 10.28443821682549 0 
0.00226570234375 1.9376470634511351 10.24383065758061 0 
0.0023438265625 1.9310209798127225 10.204590375968266 0 
0.00242195078125 1.9244474921849748 10.166650723874909 0 
0.002500075 1.917936417999307 10.129949912572888 0 
0.00257819921875 1.911495499039009 10.094428671229018 0 
0.0026563234375 1.905130799504798 10.060030611829156 0 
0.00273444765625 1.8988469889823814 10.026704067022852 0 
0.0028125718750000002 1.8926475858546528 9.994399677440292 0 
0.0028906960937500003 1.8865351735323674 9.96306996407535 0 
0.0029688203125000003 1.880511557028157 9.932671825192244 0 
0.00304694453125 1.8745778880346584 9.903163731583065 0 
0.00312506875 1.868734799788907 9.874506811256436 0 
0.00320319296875 1.8629824865880429 9.84666364121328 0 
0.0032813171874999996 1.8573207820803115 9.81960062748071 0 
0.0033594414062499997 1.851749222465728 9.793284014274496 0 
0.0034375656249999997 1.8462671081370272 9.7676833022693 0 
0.0035156898437499998 1.840873547203478 9.742769445062159 0 
0.0035938140625 1.8355674828419393 9.718514664615736 0 
0.0037500625 1.8252130201075976 9.671878407446298 0 
0.0039063109375 1.815193218962952 9.627581702611858 0 
0.004062559375 1.805496612420959 9.58545114303019 0 
0.0042188078125 1.7961112260268144 9.545329694836349 0 
0.00437505625 1.7870249300563856 9.50707586256558 0 
0.0045313046875 1.7782256449298532 9.470562022944192 0 
0.0046875531250000005 1.7697014956459307 9.435671496977102 0 
0.0048438015625 1.7614409397121817 9.402298218792824 0 
0.00500005 1.7534328165514772 9.370345702180062 0 
0.0051562984375 1.7456663862863824 9.339725783911517 0 
0.005312546874999999 1.7381313627294281 9.310356953472647 0 
0.005468795312499999 1.730817922182362 9.282165441157613 0 
0.005625043749999999 1.7237166970755102 9.255082755184059 0 
0.005781292187499999 1.7168187704664235 9.229045884063408 0 
0.0059375406249999995 1.7101156540006324 9.203996131182043 0 
0.0062500375 1.6972620357570585 9.156647932950243 0 
0.006562534375 1.6850961444031256 9.112653914539884 0 
0.00687503125 1.67356416099533 9.071681126681382 0 
0.007187528125 1.6626175822707643 9.033440849034468 0 
0.0075000250000000004 1.652212656824434 8.997680811893206 0 
0.007812521875 1.6423098580219944 8.96418047256413 0 
0.00812501875 1.6328734142170256 8.932743677661406 0 
0.008437515625000001 1.6238709111970009 8.903198695883312 0 
0.008750012500000001 1.6152729096494187 8.875391757388607 0 
0.009062509375000001 1.6070526162216097 8.849186080913938 0 
0.009375006250000002 1.5991855969632385 8.82445833378969 0 
0.01 1.5844239976557326 8.779008406768902 0 
