P M R nu
1e-07 0.00022687327232830787 0.7859409303149308 0 
6.960464417934418e-07 0.003879206976484945 2.012509836831798 0 
1.2920928835868835e-06 0.00916423987030834 2.664868255753173 0 
1.8881393253803254e-06 0.015164444942217359 3.134631509968792 0 
2.484185767173767e-06 0.021493985434442784 3.5025851327997297 0 
3.080232208967209e-06 0.027940621145583953 3.803324945998085 0 
3.676278650760651e-06 0.0343769698587441 4.055687987499343 0 
4.272325092554092e-06 0.04072376863687751 4.2713408041041445 0 
4.868371534347534e-06 0.04693126117841672 4.4581187244964795 0 
5.4644179761409765e-06 0.052968653032457465 4.621585432497869 0 
6.060464417934418e-06 0.05881770187605357 4.765855390257821 0 
6.656510859727859e-06 0.0644686305806563 4.8940669542809605 0 
7.252557301521301e-06 0.06991743100772957 5.008672978658898 0 
7.848603743314743e-06 0.07516404017857353 5.111628679140042 0 
8.444650185108185e-06 0.0802110832920302 5.204518161859769 0 
9.040696626901626e-06 0.08506299529449 5.288642550153462 0 
9.636743068695068e-06 0.08972540080676054 5.365083104393556 0 
1.023278951048851e-05 0.09420467348363457 5.4347475115661075 0 
1.082883595228195e-05 0.09853504651144686 5.4988253128518965 0 
1.2020928835868835e-05 0.10737140455364035 5.621806832928888 0 
1.3213021719455719e-05 0.11643624169876896 5.739519575319122 0 
1.4405114603042603e-05 0.12562681888483396 5.851677761667344 0 
1.5597207486629488e-05 0.13486994448166933 5.958204643517228 0 
1.678930037021637e-05 0.14411175079771188 6.05918406462567 0 
1.7981393253803253e-05 0.15331186146749823 6.154798433077167 0 
1.9173486137390137e-05 0.1624396961595465 6.245285116320036 0 
2.036557902097702e-05 0.17147196434824719 6.33090793116896 0 
2.1557671904563905e-05 0.18039096549360686 6.411940273155745 0 
2.2749764788150786e-05 0.18918317837070311 6.488651696601088 0 
2.394185767173767e-05 0.19784176711150817 6.561332727140041 0 
2.5133950555324555e-05 0.20647914876288825 6.631277658966962 0 
2.6326043438911436e-05 0.2151370609518632 6.699121657115031 0 
2.751813632249832e-05 0.22379665657625353 6.764902291793086 0 
2.8710229206085204e-05 0.2324427929446704 6.828660478878293 0 
3.109441497325897e-05 0.24964610369919132 6.9502925750693185 0 
3.3478600740432734e-05 0.26666814384425985 7.064427630889521 0 
3.58627865076065e-05 0.2834523023579731 7.171511303489827 0 
3.824697227478027e-05 0.29999697455300683 7.272249907595337 0 
4.063115804195404e-05 0.31643107887415745 7.368107283729267 0 
4.301534380912781e-05 0.33272890360961627 7.459436828116679 0 
4.539952957630157e-05 0.34885549148991746 7.546442414487131 0 
4.778371534347534e-05 0.3647844714196136 7.629334692764523 0 
5.016790111064911e-05 0.3804954089926448 7.708318669424353 0 
5.255208687782287e-05 0.39601235327880274 7.7838010107755755 0 
5.493627264499664e-05 0.4113762209457069 7.856254785882348 0 
5.7320458412170406e-05 0.4265700499285968 7.925814943369624 0 
5.9704644179344174e-05 0.44158019545460386 7.992606082161115 0 
6.208882994651794e-05 0.4563959800917523 8.056747931635304 0 
6.685720148086547e-05 0.48543836605144297 8.177659086483045 0 
7.1625573015213e-05 0.5137898650660283 8.29004595726615 0 
7.639394454956054e-05 0.5414251020377766 8.394693253620245 0 
8.116231608390808e-05 0.5683243086200712 8.492243667418625 0 
8.593068761825561e-05 0.5945493635980724 8.583561576271894 0 
9.069905915260314e-05 0.6200985402546078 8.669168037315337 0 
9.546743068695067e-05 0.6449650798812624 8.749482564886403 0 
0.00010023580222129821 0.6691909270982795 8.82503499127452 0 
0.00010500417375564574 0.6927900193118595 8.896213885331145 0 
0.00010977254528999327 0.715763261977948 8.963309498604938 0 
0.00011454091682434081 0.7381353759199721 9.026653365713281 0 
0.00012407765989303588 0.7811566091718741 9.143217469724801 0 
0.00013361440296173093 0.8219638262693768 9.247737162762656 0 
0.000143151146030426 0.8606945182581938 9.341802814587227 0 
0.00015268788909912108 0.8974665387962524 9.426692450800955 0 
0.00016222463216781615 0.9323923212782547 9.503485086470821 0 
0.00017176137523651123 0.965585815125547 9.573109559757457 0 
0.00018129811830520627 0.9971433229827156 9.636336429983238 0 
0.00019083486137390135 1.02716702086788 9.69385081643671 0 
0.00020990834751129147 1.0829567279015513 9.793982142041694 0 
0.00022898183364868162 1.1336092978789358 9.87733771632649 0 
0.00024805531978607176 1.1796963703774461 9.946880327284031 0 
0.0002671288059234619 1.2217168210424252 10.00493593844257 0 
0.00030527577819824215 1.2952447332424089 10.09364211974816 0 
0.0003434227504730224 1.357063496505031 10.154460091061047 0 
0.0003815697227478027 1.4093834446921356 10.19480544116921 0 
0.0004578636672973633 1.4920348510863863 10.233303750304108 0 
0.0006104515563964844 1.5987243115501015 10.216038133985133 0 
0.0007630394454956054 1.6594824235293857 10.14225819395595 0 
0.0009156273345947265 1.694572840990676 10.04775098739362 0 
0.0010682152236938477 1.7143513054860864 9.947180056373885 0 
0.0012208031127929687 1.7245524528183438 9.84696850862474 0 
0.0013733910018920896 1.7285537708613088 9.750005784015656 0 
0.0015259788909912108 1.7284411162300624 9.657505935290288 0 
0.001678566780090332 1.7255533664204468 9.569896269560106 0 
0.0018311546691894532 1.7207761896925855 9.487197209167617 0 
0.0019837425582885744 1.714710596076319 9.40924269322455 0 
0.002136330447387695 1.7077724917531827 9.335769679698908 0 
0.0022889183364868163 1.7002546258234301 9.266485833452933 0 
0.0024415062255859375 1.6923657777045367 9.201088280196974 0 
0.00274668200378418 1.6760359482132754 9.080835191623509 0 
0.003051857781982422 1.6595577702119582 8.972916833758935 0 
0.0033570335601806637 1.6433430143870427 8.875547033894357 0 
0.003662209338378906 1.6276080017947263 8.787252439317957 0 
0.0039673851165771485 1.6124600652920802 8.706806301066921 0 
0.004272560894775391 1.5979445231402307 8.633189035691563 0 
0.004577736672973632 1.5840712477312588 8.565550231251848 0 
0.004882912451171875 1.5708300578425123 8.503190230517236 0 
0.005493264007568359 1.5461509411163556 8.391953622434905 0 
0.006103615563964843 1.5236814041256108 8.295657265568883 0 
0.006713967120361328 1.503177662869964 8.211473441380853 0 
0.007324318676757813 1.4844108533699045 8.137260390778264 0 
0.007934670233154298 1.46717731345307 8.071367494955593 0 
0.008545021789550782 1.4512995647525155 8.01250024286533 0 
0.00976572490234375 1.4230199018967695 7.91191566510302 0 
0.010986428015136718 1.3985835400213784 7.8293547019262695 0 
0.012207131127929687 1.3772523169659168 7.760629946746629 0 
0.014648537353515626 1.3417989720671517 7.65364266115881 0 
0.01708994357910156 1.313535762160533 7.575413490718504 0 
0.0195313498046875 1.2905076980222112 7.51694617172971 0 
0.024414162255859375 1.2553960056662838 7.438802795149908 0 
0.02929697470703125 1.230129671958328 7.39315839901976 0 
0.039062599609375 1.1970491191776989 7.353738256425062 0 
0.07812509921875 1.1535322490309043 7.4046871099431915 0 
0.11718759882812499 1.1509569763762517 7.505352621485004 0 
0.15625009843749998 1.1577159493738898 7.593509766863465 0 
0.19531259804687498 1.1668084728904562 7.665294454956351 0 
0.23437509765624998 1.1761179238850858 7.723357366067498 0 
0.31250009687499997 1.1930583375567065 7.809531107198528 0 
0.4687500953125 1.2186315004276913 7.911320465906113 0 
0.62500009375 1.2359397955791298 7.965661874122435 0 
1.2500000875 1.2683276526895593 8.033017265429546 0 
2.500000075 1.283688031708915 8.027918758578707 0 
5.00000005 1.2843322755528852 7.9834234267067075 0 
10.0 1.276315010180561 7.930041107907134 0 
