P M R nu
1e-07 4.5906418594431135e-05 0.35322948668546733 0 
7.10345458984375e-07 0.0008634905190548794 0.9391349207194523 0 
1.32069091796875e-06 0.0021749463314610557 1.2774240610545635 0 
1.931036376953125e-06 0.0038206619316925234 1.540904263213367 0 
2.5413818359375e-06 0.005731610815698512 1.7634615285077715 0 
3.151727294921875e-06 0.007865501819266102 1.9591181788996437 0 
3.7620727539062504e-06 0.010192678543842083 2.135304107953841 0 
4.372418212890625e-06 0.012690725422417693 2.2965257911589956 0 
4.982763671875e-06 0.015341860534969894 2.4457636443852073 0 
5.593109130859376e-06 0.018131479227952857 2.585111342809389 0 
6.20345458984375e-06 0.02104729824135788 2.716108135002675 0 
6.813800048828125e-06 0.02407878581162012 2.8399255889833968 0 
7.4241455078125e-06 0.02721675962570628 2.9574798282070702 0 
8.034490966796875e-06 0.030453139429617457 3.0695046002339987 0 
8.64483642578125e-06 0.03378072871045947 3.176598008621425 0 
9.255181884765626e-06 0.03719305956149643 3.2792556066337024 0 
9.86552734375e-06 0.040684300574217735 3.377893872563064 0 
1.0475872802734373e-05 0.04424913093728116 3.472866518731285 0 
1.1086218261718749e-05 0.04788269693156624 3.564477501063949 0 
1.1696563720703124e-05 0.051580541804191034 3.652990184345891 0 
1.23069091796875e-05 0.055338542118664645 3.738634485137753 0 
1.2917254638671875e-05 0.05915290273250439 3.821613053288837 0 
1.352760009765625e-05 0.06302007774358785 3.9021049856820214 0 
1.4137945556640626e-05 0.06693678468090172 3.9802702048092957 0 
1.4748291015625001e-05 0.07089994983803097 4.056251762278613 0 
1.5358636474609376e-05 0.07490669659506306 4.130178393935524 0 
1.596898193359375e-05 0.07895434025195013 4.20216672848397 0 
1.6579327392578124e-05 0.08304033826298186 4.272322253429734 0 
1.71896728515625e-05 0.08716232468533212 4.3407415765429755 0 
1.7800018310546875e-05 0.09131804134346297 4.407512549843746 0 
1.841036376953125e-05 0.095505385625478 4.472716284010395 0 
1.9020709228515625e-05 0.09972234395403612 4.536426929667935 0 
1.96310546875e-05 0.10396703445106997 4.5987133848721875 0 
2.0241400146484376e-05 0.10823765534563642 4.659638961671155 0 
2.085174560546875e-05 0.11253251254285913 4.719262767417976 0 
2.1462091064453127e-05 0.11684998829577371 4.777639422018163 0 
2.2072436523437502e-05 0.12118855084370882 4.834820192683663 0 
2.2682781982421877e-05 0.12554674237003083 4.890852590203346 0 
2.3293127441406253e-05 0.12992317360680933 4.945781295735704 0 
2.3903472900390625e-05 0.13431652583573594 4.999648121474911 0 
2.4513818359375e-05 0.1387255365185901 5.052492224365088 0 
2.5124163818359376e-05 0.14314900782171536 5.104350650739167 0 
2.5734509277343747e-05 0.14758579142045405 5.155258019272683 0 
2.6344854736328123e-05 0.1520347943004502 5.20524720710095 0 
2.6955200195312498e-05 0.1564949720485939 5.254349201189697 0 
2.7565545654296874e-05 0.1609653228087591 5.302593184074826 0 
2.817589111328125e-05 0.1654448971070134 5.350007064375616 0 
2.8786236572265624e-05 0.16993277281086608 5.396617027112822 0 
2.939658203125e-05 0.17442808695284726 5.44244819185818 0 
3.0006927490234375e-05 0.17892998842141195 5.487524109365078 0 
3.061727294921875e-05 0.18343769201153126 5.531867595757848 0 
3.122761840820312e-05 0.18795041143428332 5.575499939923372 0 
3.1837963867187494e-05 0.19246743004130537 5.618441845010432 0 
3.2448309326171866e-05 0.19698802328418646 5.660712678512286 0 
3.3058654785156245e-05 0.20151153209057435 5.702331348260368 0 
3.3669000244140624e-05 0.2060372938229995 5.743315579356809 0 
3.4279345703124996e-05 0.21056469432820032 5.783682538599811 0 
3.488969116210937e-05 0.21509313527797363 5.823448560287202 0 
3.5500036621093747e-05 0.21962203603090497 5.862629279473568 0 
3.6110382080078125e-05 0.2241508605426933 5.901239899084683 0 
3.67207275390625e-05 0.22867906227138077 5.939294707280284 0 
3.733107299804687e-05 0.2332061537461792 5.976807565896999 0 
3.794141845703125e-05 0.23773163060036473 6.013791910092061 0 
3.855176391601563e-05 0.24225503610975707 6.050260422797369 0 
3.9162109375e-05 0.24677591883378308 6.086225549423697 0 
3.977245483398437e-05 0.251293838062401 6.121699047247704 0 
4.038280029296875e-05 0.25580839563012303 6.156692436541916 0 
4.099314575195313e-05 0.2603191738664923 6.19121667212614 0 
4.16034912109375e-05 0.26482580690436597 6.225282445435036 0 
4.221383666992187e-05 0.269327918024709 6.258899984851436 0 
4.282418212890625e-05 0.2738251495627725 6.292079036340612 0 
4.343452758789063e-05 0.2783171758846574 6.324829460192391 0 
4.4044873046875e-05 0.28280365200588725 6.357160168426366 0 
4.4655218505859374e-05 0.28728428103064774 6.389080474696586 0 
4.526556396484375e-05 0.29175875404426116 6.420598612584466 0 
4.587590942382813e-05 0.2962267744830504 6.45172318932559 0 
4.64862548828125e-05 0.30068808081839477 6.482462295604062 0 
4.7096600341796875e-05 0.3051423878087692 6.512823678462425 0 
4.770694580078125e-05 0.3095894498966247 6.542815001707384 0 
4.831729125976562e-05 0.31402902111229586 6.572443634438679 0 
4.892763671875e-05 0.31846085063550333 6.601716635431325 0 
4.953798217773438e-05 0.3228847297188089 6.6306410248329 0 
5.014832763671875e-05 0.32730042869546094 6.659223572319827 0 
5.075867309570312e-05 0.33170773344395127 6.687470488137382 0 
5.136901855468749e-05 0.3361064583536744 6.7153885407477585 0 
5.1979364013671865e-05 0.34049639395440773 6.742983574915432 0 
5.258970947265624e-05 0.34487736111143785 6.770261680621702 0 
5.320005493164062e-05 0.3492491890995728 6.797228715301007 0 
5.3810400390624994e-05 0.3536116911039637 6.823890304894178 0 
5.4420745849609366e-05 0.3579647177623608 6.8502518360238405 0 
5.5031091308593745e-05 0.36230811084073755 6.876318828499443 0 
5.5641436767578124e-05 0.3666417066817753 6.902096359749885 0 
5.6251782226562495e-05 0.3709653787273623 6.927589564337721 0 
5.686212768554687e-05 0.37527898300291773 6.952803408617888 0 
5.7472473144531246e-05 0.3795823765588212 6.977742563674354 0 
5.86931640625e-05 0.38815807792980755 7.026815814415824 0 
5.991385498046875e-05 0.3966915208248077 7.074845372094077 0 
6.11345458984375e-05 0.4051818515439377 7.121865393430446 0 
6.235523681640624e-05 0.41362829279356966 7.167908691400046 0 
6.357592773437499e-05 0.4220301114030366 7.2130062365180185 0 
6.479661865234373e-05 0.430386673251028 7.2571876646356746 0 
6.601730957031249e-05 0.4386973979619946 7.300481351176333 0 
6.723800048828125e-05 0.44696174349215667 7.342914160724335 0 
6.845869140624999e-05 0.45517925933420417 7.384512047681606 0 
6.967938232421873e-05 0.4633495127108911 7.42529948041769 0 
7.090007324218749e-05 0.47147213456429926 7.465300208868487 0 
7.212076416015625e-05 0.4795468131413017 7.504536922565429 0 
7.334145507812499e-05 0.4875732434191885 7.543031076549652 0 
7.456214599609374e-05 0.49555120454854795 7.580803721135959 0 
7.57828369140625e-05 0.5034804728433118 7.6178746663467285 0 
7.700352783203125e-05 0.5113608854683763 7.654263218249493 0 
7.822421875e-05 0.5191923074805752 7.689987547703027 0 
7.944490966796874e-05 0.5269746180546924 7.725065606993083 0 
8.06656005859375e-05 0.5347077572479838 7.759514335286189 0 
8.188629150390625e-05 0.5423916495066552 7.793349985237092 0 
8.3106982421875e-05 0.5500262924883461 7.826588526500022 0 
8.432767333984374e-05 0.5576116578656087 7.859245209122417 0 
8.55483642578125e-05 0.5651477880633181 7.891334416314786 0 
8.676905517578126e-05 0.5726347003626554 7.922870471794882 0 
8.798974609375e-05 0.5800724736834898 7.953867092437506 0 
8.921043701171874e-05 0.587461166294756 7.984337253681074 0 
9.04311279296875e-05 0.5948008892145936 8.014293756764241 0 
9.165181884765626e-05 0.6020917362289745 8.04374879518967 0 
9.2872509765625e-05 0.6093338475585888 8.072714312410074 0 
9.409320068359375e-05 0.6165273456199796 8.101201796797186 0 
9.531389160156249e-05 0.6236723991028947 8.129222421090617 0 
9.653458251953124e-05 0.6307691526118704 8.156786532730308 0 
9.77552734375e-05 0.637817802031787 8.18390507079568 0 
9.897596435546875e-05 0.6448185093368289 8.210587605482909 0 
0.0001001966552734375 0.6517714949514287 8.23684420177539 0 
0.00010141734619140624 0.6586769372519058 8.262684189422343 0 
0.00010263803710937498 0.6655350743913175 8.288116744518097 0 
0.00010385872802734373 0.6723461032830065 8.313150675029291 0 
0.00010507941894531248 0.679110272364264 8.337794624991115 0 
0.00010752080078124999 0.6924989383566917 8.38594576598259 0 
0.00010996218261718749 0.7057030218549432 8.432633971214068 0 
0.00011240356445312499 0.7187245582005493 8.477919484776022 0 
0.00011484494628906249 0.7315656556753085 8.52185918543341 0 
0.00011728632812499999 0.7442284754238881 8.564506791848352 0 
0.00011972770996093749 0.7567152269915364 8.605912876492273 0 
0.000122169091796875 0.7690281669909446 8.646125754844888 0 
0.00012461047363281248 0.7811695836515876 8.685191009661535 0 
0.00012705185546874997 0.7931417910455415 8.723151726608627 0 
0.00012949323730468746 0.8049471024181101 8.760048994423945 0 
0.00013193461914062497 0.816587853205148 8.795921842171186 0 
0.0001343760009765625 0.8280663918717952 8.830807274906963 0 
0.00013681738281249998 0.839385065876504 8.864740690532003 0 
0.00013925876464843746 0.8505461980296458 8.897755369857451 0 
0.00014170014648437498 0.8615521254832831 8.92988363736871 0 
0.0001441415283203125 0.872405181112614 8.961155909433154 0 
0.00014658291015624998 0.883107656410376 8.991601253695581 0 
0.00014902429199218747 0.8936618452733097 9.02124751870466 0 
0.00015146567382812498 0.9040700363940262 9.050121260271128 0 
0.0001539070556640625 0.9143344622741575 9.078247944140445 0 
0.0001563484375 0.9244573637759034 9.10565178559926 0 
0.00015878981933593748 0.9344409580685203 9.132356061712601 0 
0.000161231201171875 0.9442874077916283 9.15838308801778 0 
0.0001636725830078125 0.9539988915711025 9.18375417800476 0 
0.00016611396484375 0.963577526612183 9.208489729837439 0 
0.00016855534667968748 0.9730254187892741 9.232609355685936 0 
0.000170996728515625 0.9823446543552513 9.256132008929091 0 
0.0001758794921875 1.0006052783712196 9.301457775334514 0 
0.000180762255859375 1.0183754249530605 9.344603228209747 0 
0.00018564501953125 1.0356706465107275 9.385694068452485 0 
0.00019052778320312498 1.0525060194346636 9.424847130016087 0 
0.00019541054687499998 1.068896143250537 9.462170196263866 0 
0.000200293310546875 1.0848551432237123 9.497763798790592 0 
0.00020517607421874996 1.1003966777125178 9.53172126780859 0 
0.00021005883789062497 1.115533943301785 9.564129473457843 0 
0.00021494160156249997 1.1302796887436284 9.595069214499969 0 
0.00021982436523437497 1.1446462218995077 9.624616362534711 0 
0.00022470712890624997 1.1586454241703985 9.652841407734298 0 
0.00022958989257812498 1.172288759878732 9.679810782034803 0 
0.00023447265624999998 1.1855872924197506 9.705586314022792 0 
0.00023935541992187498 1.1985516880255132 9.730226093713771 0 
0.00024423818359375 1.2111922285672994 9.753784906944402 0 
0.000249120947265625 1.2235188440154294 9.776313673031606 0 
0.0002540037109375 1.2355411107968632 9.79786096127651 0 
0.00026376923828125 1.2587091809673479 9.838189833279232 0 
0.000273534765625 1.2807664128722456 9.875104383491104 0 
0.00028330029296875 1.3017778996811236 9.908901233285016 0 
0.0002930658203125 1.32180424382702 9.939845237189083 0 
0.00030283134765624997 1.3409018487072326 9.968174326778735 0 
0.000312596875 1.3591232591022753 9.994102024699252 0 
0.00032236240234375 1.3765174538093454 10.01782025542894 0 
0.00033212792968749993 1.3931301134805731 10.039503451017762 0 
0.00035165898437499994 1.4241785535164748 10.07737788009966 0 
0.00037119003906249995 1.4525771185059941 10.108818948443918 0 
0.00039072109374999997 1.4785956951560604 10.134732667932804 0 
0.0004102521484375 1.502471063264159 10.155876830966701 0 
0.000429783203125 1.5244115766100534 10.172888919339304 0 
0.0004688453125 1.5632023007412548 10.196593129137964 0 
0.0005079074218749999 1.5962016315127325 10.209275911919532 0 
0.00054696953125 1.624386017693731 10.213465277559928 0 
0.00062509375 1.6692827979653933 10.203495417027375 0 
0.00070321796875 1.70252650920948 10.17710199744032 0 
0.0007813421875 1.7272326195208354 10.140567168676007 0 
0.0008594664062499999 1.7455586734144914 10.09782061270702 0 
0.000937590625 1.7590371548001542 10.05139077384737 0 
0.00101571484375 1.7687805384320407 10.002938158706288 0 
0.0010938390625 1.7756117901450568 9.953569972246752 0 
0.0011719632812500001 1.7801498136978529 9.90403070660566 0 
0.0012500875 1.782866824735741 9.854822376234596 0 
0.0013282117187499998 1.784127733034418 9.806282628871502 0 
0.0014063359374999998 1.7842177294488746 9.758636278377796 0 
0.0014844601562499999 1.7833619545389043 9.71202753938449 0 
0.001562584375 1.7817397378327624 9.666546481583376 0 
0.00164070859375 1.7794950748415297 9.622243560301323 0 
0.0017188328125 1.7767444145310036 9.579141601301224 0 
0.00179695703125 1.773582542481059 9.53724230352497 0 
0.00187508125 1.7700870529920885 9.49653650450142 0 
0.00195320546875 1.766321796917728 9.45700324926381 0 
0.0020313296874999998 1.7623395565087867 9.418616076028965 0 
0.00210945390625 1.7581841404333007 9.381343023536235 0 
0.002187578125 1.7538920449260025 9.345150888487572 0 
0.00226570234375 1.7494937602172933 9.310003668697574 0 
0.0023438265625 1.7450148360653528 9.275865862376351 0 
0.00242195078125 1.7404767242343004 9.242700892287507 0 
0.002500075 1.7358974702081105 9.210473058294834 0 
0.00257819921875 1.731292274555925 9.17914782447009 0 
0.0026563234375 1.726673950917465 9.148689702681423 0 
0.00273444765625 1.7220533097929567 9.11906676163797 0 
0.0028125718750000002 1.7174394666867023 9.090245826203052 0 
0.0028906960937500003 1.7128401034795246 9.06219745915307 0 
0.0029688203125000003 1.7082616884580004 9.034891672514705 0 
0.00304694453125 1.703709654805386 9.008299641587127 0 
0.00312506875 1.6991885515294127 8.982394666625881 0 
0.00320319296875 1.694702179140384 8.95715073481227 0 
0.0032813171874999996 1.6902536940914679 8.932543373701304 0 
0.0034375656249999997 1.6814803109457965 8.885144018358417 0 
0.0035938140625 1.6728839321314581 8.840019422388426 0 
0.0037500625 1.6644744143081083 8.797009286932852 0 
0.0039063109375 1.6562574365789486 8.75596718020381 0 
0.004062559375 1.6482355631159407 8.716759067190122 0 
0.0042188078125 1.6404090686367598 8.679264006379146 0 
0.00437505625 1.6327765470751403 8.643369149739824 0 
0.0045313046875 1.6253353465986773 8.608974228047792 0 
0.0046875531250000005 1.61808193980009 8.575984489786322 0 
0.0048438015625 1.6110121727322708 8.544315841968348 0 
0.00500005 1.6041214581731897 8.513888457528003 0 
0.0051562984375 1.5974049318707007 8.484630372036007 0 
0.005312546874999999 1.590857576348186 8.456474350600878 0 
0.005468795312499999 1.584474293900376 8.429359927338512 0 
0.005625043749999999 1.5782499740179872 8.403228437846842 0 
0.005781292187499999 1.572179545817922 8.378028104449808 0 
0.0059375406249999995 1.5662580185851227 8.353709905929513 0 
0.0062500375 1.5548422286332202 8.307539576501831 0 
0.006562534375 1.543964993689528 8.264390759164698 0 
0.00687503125 1.5335909778253898 8.223977167691576 0 
0.007187528125 1.5236872363422793 8.186049706396197 0 
0.0075000250000000004 1.5142232008802001 8.150389837265626 0 
0.007812521875 1.5051706138373506 8.116804045860874 0 
0.00812501875 1.49650339655022 8.085121442337284 0 
0.008437515625000001 1.4881974934722375 8.055188974959622 0 
0.008750012500000001 1.4802307279486278 8.026870611272159 0 
0.009062509375000001 1.4725826576837118 8.00004511189905 0 
0.009375006250000002 1.465234416575016 7.974602792194652 0 
0.01 1.4513690689202754 7.927479878037933 0 
