P M R nu
1e-07 0.4242684373853999 38.528334913419584 0 
7.10345458984375e-07 0.9088764899300991 40.747434123972134 0 
1.32069091796875e-06 1.0145494573572478 39.301299763377216 0 
1.931036376953125e-06 1.0585195911965455 38.10372547385469 0 
2.5413818359375e-06 1.079052935261692 37.1351290404853 0 
3.151727294921875e-06 1.0880983968343338 36.33545068791005 0 
3.7620727539062504e-06 1.0907463518963973 35.662264111584065 0 
4.372418212890625e-06 1.0895633461566134 35.08686408449909 0 
4.982763671875e-06 1.0859907142995326 34.58930055248292 0 
5.593109130859376e-06 1.0809011650644564 34.15521280841928 0 
6.20345458984375e-06 1.0748530898398256 33.77391076513898 0 
6.813800048828125e-06 1.0682187761532258 33.4371799957439 0 
7.4241455078125e-06 1.061253867171291 33.1385171139335 0 
8.034490966796875e-06 1.0541371259884036 32.872618495389645 0 
8.64483642578125e-06 1.0469941075259845 32.63503345261065 0 
9.255181884765626e-06 1.0399117475947892 32.421920641764125 0 
9.86552734375e-06 1.032947678861199 32.229882756864484 0 
1.1086218261718749e-05 1.019495046573829 31.897052999980435 0 
1.23069091796875e-05 1.0067214820939843 31.61519296223784 0 
1.352760009765625e-05 0.9945514664914871 31.366985957809177 0 
1.4748291015625001e-05 0.9828569528481835 31.139260802103458 0 
1.596898193359375e-05 0.9715242502485706 30.922707655902755 0 
1.71896728515625e-05 0.9604770459973068 30.711100872426957 0 
1.841036376953125e-05 0.9496743006185366 30.500409396622857 0 
1.96310546875e-05 0.9391006489707316 30.2880815570255 0 
2.085174560546875e-05 0.9287573020268397 30.072545137815098 0 
2.2072436523437502e-05 0.9186553854349176 29.8528813815265 0 
2.3293127441406253e-05 0.9088114857502024 29.628615804970174 0 
2.4513818359375e-05 0.8992447612324013 29.399580867200978 0 
2.5734509277343747e-05 0.8899751187033091 29.165828163281347 0 
2.6955200195312498e-05 0.8810219968734162 28.927565510950743 0 
2.817589111328125e-05 0.8724036314759278 28.685114986495755 0 
2.939658203125e-05 0.8641365641584252 28.438881374859427 0 
3.061727294921875e-05 0.8562353368574391 28.18932833522221 0 
3.1837963867187494e-05 0.8487123222778516 27.936960966667492 0 
3.3058654785156245e-05 0.8415776509730396 27.68231213509546 0 
3.4279345703124996e-05 0.8348391678868387 27.425927689849438 0 
3.5500036621093747e-05 0.8285024963004446 27.168359106640818 0 
3.67207275390625e-05 0.8225710837756521 26.9101541761489 0 
3.794141845703125e-05 0.8170463077640927 26.651849908968554 0 
3.9162109375e-05 0.8119275929055856 26.393967366335993 0 
4.038280029296875e-05 0.8072125617345961 26.137004814115237 0 
4.16034912109375e-05 0.8028971602995197 25.881436825688557 0 
4.282418212890625e-05 0.7989758462597883 25.627707572445104 0 
4.4044873046875e-05 0.7954417242764046 25.37623176764921 0 
4.526556396484375e-05 0.792286719947005 25.127389998377588 0 
4.64862548828125e-05 0.7895017477274822 24.881529981599027 0 
4.770694580078125e-05 0.7870768475910607 24.63896499837035 0 
4.892763671875e-05 0.785001360618041 24.399972881467004 0 
5.014832763671875e-05 0.7832640422783198 24.164800383284827 0 
5.136901855468749e-05 0.7818532088268128 23.93365908137136 0 
5.258970947265624e-05 0.7807568635934622 23.706729935335456 0 
5.3810400390624994e-05 0.7799627989755072 23.484164474856183 0 
5.5031091308593745e-05 0.7794587097352221 23.266083907701958 0 
5.6251782226562495e-05 0.7792322462205371 23.05258443219264 0 
5.7472473144531246e-05 0.7792711535158058 22.843737585982268 0 
5.86931640625e-05 0.779563269044536 22.63959067321024 0 
6.11345458984375e-05 0.7808595500984916 22.245487952722904 0 
6.357592773437499e-05 0.7830284392585116 21.87027896296976 0 
6.601730957031249e-05 0.7859821742975839 21.51372411195692 0 
6.845869140624999e-05 0.7896385636762915 21.17539220991102 0 
7.090007324218749e-05 0.7939213992618994 20.854711518041793 0 
7.334145507812499e-05 0.7987605799873312 20.55100711620826 0 
7.57828369140625e-05 0.8040919934254706 20.26353994590447 0 
7.822421875e-05 0.8098573384170918 19.991527912567513 0 
8.06656005859375e-05 0.8160037458227289 19.734173188330107 0 
8.3106982421875e-05 0.8224834991198352 19.490673804185402 0 
8.55483642578125e-05 0.8292535932616774 19.26024317372955 0 
8.798974609375e-05 0.8362753362860299 19.042113659388264 0 
9.04311279296875e-05 0.8435140204845073 18.835545758749856 0 
9.2872509765625e-05 0.8509384996685616 18.639831596655416 0 
9.77552734375e-05 0.8662360263988977 18.27831167088774 0 
0.00010263803710937498 0.8819778331024218 17.952609963925855 0 
0.00010752080078124999 0.8980115537002524 17.65835905975937 0 
0.00011240356445312499 0.9142152756695925 17.39173405225019 0 
0.00011728632812499999 0.9304914198210803 17.14940784850191 0 
0.000122169091796875 0.9467619649707525 16.928487130843926 0 
0.00012705185546874997 0.962964645284598 16.72646823682645 0 
0.00013681738281249998 0.9949782051041125 16.370739706393753 0 
0.00014658291015624998 1.0262466371428434 16.068063175391387 0 
0.0001563484375 1.0565946450179606 15.807714658033543 0 
0.00016611396484375 1.085920034008352 15.581504135052413 0 
0.0001758794921875 1.1141695267314087 15.383107445158537 0 
0.00019541054687499998 1.167381527436458 15.051094712027968 0 
0.00021494160156249997 1.2162916330781501 14.783374759767687 0 
0.00023447265624999998 1.2611295032487995 14.561778770192538 0 
0.000273534765625 1.3397915436610857 14.212463194621593 0 
0.000312596875 1.4058127064601957 13.944570297816426 0 
0.00035165898437499994 1.4614017987800272 13.728055061063454 0 
0.00039072109374999997 1.5083986420837858 13.546155720213214 0 
0.0004688453125 1.5822981022230038 13.249828533761796 0 
0.00054696953125 1.636309582465958 13.011135002633406 0 
0.00062509375 1.6762024989511344 12.809519143735782 0 
0.0007813421875 1.727889984831492 12.478189992288492 0 
0.000937590625 1.7561562754133153 12.210036819166389 0 
0.0010938390625 1.7706036578333635 11.984492195511052 0 
0.0012500875 1.7765251394327302 11.790167028788384 0 
0.001562584375 1.7739773695186156 11.468970778152023 0 
0.00187508125 1.7617170864993337 11.211635973559273 0 
0.002500075 1.7272284131305724 10.820079460717034 0 
0.00312506875 1.6906328538983129 10.533100962815297 0 
0.0037500625 1.65614020278815 10.312317360015577 0 
0.00500005 1.5962609170778972 9.993721138326496 0 
0.0075000250000000004 1.5071174808623369 9.617147778829235 0 
0.01 1.4447904934592848 9.40812755943909 0 
