P M R nu
1e-05 0.1857603438278839 18.662327689549105 0 
1.0609741210937502e-05 0.19237174401796578 18.062177720715127 0 
1.1219482421875002e-05 0.19891251986303038 17.542873666264875 0 
1.1829223632812502e-05 0.20538248611847232 17.093735876483763 0 
1.2438964843750002e-05 0.21178355594250906 16.702452253248946 0 
1.3048706054687502e-05 0.21811778066399307 16.352291865781233 0 
1.3658447265625002e-05 0.22438414727142064 16.045092897455586 0 
1.4268188476562502e-05 0.2305857411724112 15.772269330157712 0 
1.4877929687500002e-05 0.23672401669403642 15.52523870875213 0 
1.5487670898437502e-05 0.24279886677826942 15.30282040872776 0 
1.6097412109375002e-05 0.24881407165115516 15.10267649201883 0 
1.6707153320312502e-05 0.2547682080056337 14.92224423372798 0 
1.731689453125e-05 0.2606653246629054 14.752904949965199 0 
1.79266357421875e-05 0.26650454500302456 14.602585642594285 0 
1.8536376953125e-05 0.27228899455243455 14.462946152571892 0 
1.91461181640625e-05 0.2780183080126795 14.333800350574377 0 
1.9755859375e-05 0.2836953821592817 14.213736251400961 0 
2.03656005859375e-05 0.28931961067714657 14.10276738113234 0 
2.0975341796875e-05 0.2948941331456983 13.99430808407033 0 
2.15850830078125e-05 0.30041774018435086 13.902821290778663 0 
2.219482421875e-05 0.30589413750181804 13.812805370119356 0 
2.28045654296875e-05 0.3113216758621481 13.723154089436715 0 
2.3414306640625e-05 0.316703728750929 13.64517487964235 0 
2.40240478515625e-05 0.32203930623048144 13.572474363061074 0 
2.46337890625e-05 0.3273304712494053 13.50244774914777 0 
2.52435302734375e-05 0.3325782595804684 13.436869329393975 0 
2.5853271484375e-05 0.3377824647184971 13.373723106525281 0 
2.64630126953125e-05 0.34294706055740515 13.31724246585089 0 
2.707275390625e-05 0.34807093776262726 13.262655794694918 0 
2.76824951171875e-05 0.35315254107387556 13.212694276595535 0 
2.8292236328125e-05 0.35819054531164585 13.162523846177898 0 
2.89019775390625e-05 0.36318512020359073 13.113232398819378 0 
2.951171875e-05 0.36814398801728127 13.073056483643185 0 
3.01214599609375e-05 0.3730675452742291 13.026250019515123 0 
3.0731201171875004e-05 0.3779545576473176 12.986071000820624 0 
3.13409423828125e-05 0.3828040650904786 12.952520567349193 0 
3.1950683593750003e-05 0.3876150901969268 12.913103962293887 0 
3.256042480468751e-05 0.39239021622084086 12.876141817627323 0 
3.3170166015625e-05 0.39713473809245553 12.842870779296062 0 
3.37799072265625e-05 0.4018479033760572 12.812451093153904 0 
3.43896484375e-05 0.40652883046856353 12.78286767711909 0 
3.4999389648437506e-05 0.4111767997374884 12.746947860073613 0 
3.5609130859375e-05 0.4157911036639504 12.722676942667082 0 
3.62188720703125e-05 0.42037290136986555 12.696616431668351 0 
3.682861328125e-05 0.4249272552218018 12.666235589091736 0 
3.7438354492187506e-05 0.42945388616872043 12.64556843656833 0 
3.8048095703125e-05 0.4339521702941652 12.622252054043047 0 
3.86578369140625e-05 0.4384215234465855 12.596418703383712 0 
3.9267578125e-05 0.44286143171023595 12.577299193644334 0 
3.9877319335937506e-05 0.44727139183542153 12.555445235317286 0 
4.0487060546875e-05 0.4516541908121518 12.534587934980152 0 
4.10968017578125e-05 0.456013237043451 12.515232732481659 0 
4.170654296875e-05 0.46034796525495836 12.501986683121254 0 
4.2316284179687506e-05 0.46465790564396126 12.474360304377702 0 
4.2926025390625e-05 0.46894259138173605 12.462434484383577 0 
4.35357666015625e-05 0.4732016733452888 12.44340905874352 0 
4.41455078125e-05 0.47743472815832844 12.423063183688653 0 
4.4755249023437505e-05 0.48164242071149793 12.412693314092845 0 
4.5364990234375e-05 0.4858282715408847 12.401732883407766 0 
4.59747314453125e-05 0.4899923425835596 12.382602590954704 0 
4.658447265625e-05 0.494134239774704 12.365125966064252 0 
4.7194213867187505e-05 0.49825362313563554 12.353753060922196 0 
4.7803955078125e-05 0.5023502144009419 12.342462883589045 0 
4.84136962890625e-05 0.5064236992526598 12.332419877596791 0 
4.90234375e-05 0.5104738538138284 12.314999236676847 0 
4.9633178710937505e-05 0.5145013474295046 12.303503715713523 0 
5.0242919921875e-05 0.5185095634224792 12.292757768754454 0 
5.0852661132812505e-05 0.5224984772435544 12.282879680620368 0 
5.146240234375001e-05 0.5264678580072204 12.273200801574971 0 
5.2072143554687505e-05 0.5304173902068936 12.26273080899442 0 
5.268188476562501e-05 0.5343468621615035 12.252494708673305 0 
5.329162597656251e-05 0.538256044489029 12.242437674185283 0 
5.390136718750001e-05 0.5421447802681729 12.232626413714522 0 
5.4511108398437504e-05 0.5460128435549456 12.222878299115536 0 
5.512084960937501e-05 0.549861642057145 12.213369882339169 0 
5.573059082031251e-05 0.5536928536860161 12.20371659226142 0 
5.634033203125001e-05 0.557506416139163 12.192981873083738 0 
5.6950073242187504e-05 0.5613020119453915 12.182977800334863 0 
5.755981445312501e-05 0.5650795147453771 12.173663913703132 0 
5.816955566406251e-05 0.5688387450422155 12.167070727467634 0 
5.877929687500001e-05 0.5725795056329672 12.163136222137409 0 
5.9389038085937504e-05 0.5763017553937002 12.146460912117515 0 
5.999877929687501e-05 0.5800052784890453 12.143195044843921 0 
6.060852050781251e-05 0.5836905236857474 12.141731206480133 0 
6.121826171875001e-05 0.5873595586420849 12.134100212645167 0 
6.18280029296875e-05 0.591012531944238 12.122844874470214 0 
6.2437744140625e-05 0.5946493390382132 12.116440767320745 0 
6.304748535156251e-05 0.5982697530088538 12.11267451054897 0 
6.36572265625e-05 0.6018737059224075 12.103166152466518 0 
6.42669677734375e-05 0.6054611358001535 12.102585939330089 0 
6.487670898437501e-05 0.6090318335774865 12.092647754256031 0 
6.548645019531251e-05 0.6125857358346278 12.085261654497574 0 
6.609619140625e-05 0.6161227751681834 12.074944145412168 0 
6.7315673828125e-05 0.6231490998563605 12.072157926338662 0 
6.792541503906251e-05 0.626640614820378 12.063572897021658 0 
6.853515625e-05 0.6301176634568675 12.062870072939264 0 
6.91448974609375e-05 0.6335801722718399 12.053560242907633 0 
6.975463867187501e-05 0.6370280519524696 12.046704468808738 0 
7.036437988281251e-05 0.6404611789361894 12.043708291720586 0 
7.097412109375e-05 0.6438794744188069 12.035203494047783 0 
7.2193603515625e-05 0.6506714025529098 12.032793865398952 0 
7.280334472656251e-05 0.6540448472248245 12.025386725920988 0 
7.34130859375e-05 0.6574035561092831 12.022944843012795 0 
7.40228271484375e-05 0.6607489366605506 12.022892326835338 0 
7.463256835937501e-05 0.6640811168860393 12.01393370265748 0 
7.524230957031251e-05 0.6674000721462356 12.012858861320465 0 
7.585205078125e-05 0.6707057052400935 12.005444630525659 0 
7.64617919921875e-05 0.6739979383453287 12.003040550925803 0 
7.7071533203125e-05 0.6772767225139446 11.996620750656755 0 
7.8291015625e-05 0.683793730057976 11.992952570725743 0 
7.89007568359375e-05 0.6870318837238262 11.984687334762288 0 
7.951049804687501e-05 0.6902563808140314 11.984743090791138 0 
8.072998046875e-05 0.6966649249404425 11.982949384253883 0 
8.13397216796875e-05 0.699850781727876 11.974888513669594 0 
8.1949462890625e-05 0.7030246803982608 11.973156926758557 0 
8.31689453125e-05 0.7093365381915483 11.965682659855531 0 
8.438842773437501e-05 0.7156001191350089 11.962869550314498 0 
8.499816894531251e-05 0.7187137323474676 11.9627680389801 0 
8.560791015625e-05 0.721815110866731 11.954874804075587 0 
8.6827392578125e-05 0.727981245117935 11.953001304957933 0 
8.743713378906251e-05 0.7310459358795428 11.952650370865257 0 
8.8046875e-05 0.734098347879485 11.944840801781629 0 
8.926635742187501e-05 0.740169726207833 11.943082768680153 0 
9.048583984375e-05 0.7461976059777712 11.935727142266051 0 
9.170532226562501e-05 0.7521817235014202 11.933528240197962 0 
9.292480468750002e-05 0.7581218813190869 11.932414660561186 0 
9.353454589843751e-05 0.7610754176150887 11.924467252910022 0 
9.414428710937501e-05 0.7640178979961796 11.924199123039466 0 
9.536376953125002e-05 0.7698695784090459 11.924114001795031 0 
9.658325195312502e-05 0.7756770725998239 11.916155407490002 0 
9.780273437500002e-05 0.7814437104370117 11.91403714489463 0 
9.902221679687501e-05 0.7871703923417198 11.913397679595306 0 
0.00010024169921875002 0.7928570203218291 11.905628688772603 0 
0.00010146118164062502 0.7985034675864623 11.904180547769982 0 
0.00010268066406250002 0.8041095857284811 11.903745152360715 0 
0.00010390014648437501 0.8096753650115499 11.89578600355948 0 
0.00010511962890625002 0.8152007489270396 11.893490516842833 0 
0.00010633911132812502 0.8206880568645736 11.895051874529656 0 
0.00010755859375000002 0.8261389242627736 11.89240281462259 0 
0.00010877807617187501 0.831553253484856 11.885190255430368 0 
0.00010999755859375002 0.8369310241919854 11.883236454947278 0 
0.00011121704101562502 0.842272157356475 11.884869519922105 0 
0.00011243652343750001 0.8475766470389064 11.882291536940484 0 
0.00011365600585937501 0.8528444704321152 11.875559195695665 0 
0.00011487548828125001 0.8580758412468348 11.873497958506904 0 
0.00011609497070312502 0.8632733583446668 11.873670022851806 0 
0.00011731445312500001 0.868437766329239 11.873832450281883 0 
0.00011853393554687501 0.8735689726709875 11.871985417215411 0 
0.00011975341796875001 0.8786669953917896 11.865691406031324 0 
0.00012097290039062502 0.8837318004648468 11.864550801490985 0 
0.00012219238281250001 0.8887634301952125 11.861898139958242 0 
0.000123411865234375 0.8937618428570531 11.864662479047343 0 
0.00012463134765625003 0.8987271381214597 11.86315357987098 0 
0.00012585083007812502 0.9036612084707394 11.856974849695975 0 
0.0001270703125 0.9085650981143328 11.855753089989411 0 
0.00012950927734375 0.9182825895870984 11.85405817342023 0 
0.0001319482421875 0.92787972100924 11.85411182412662 0 
0.00013438720703125003 0.9373567551459617 11.852227550257567 0 
0.00013560668945312502 0.9420504203671447 11.845866880016025 0 
0.000136826171875 0.9467159849146003 11.845456545265263 0 
0.00013926513671875 0.9559642576339029 11.844332451835852 0 
0.0001417041015625 0.9651023218587195 11.842253577962298 0 
0.00014414306640625002 0.9741304969983307 11.84244680082272 0 
0.00014536254882812502 0.9786035231949541 11.841716759450957 0 
0.00014658203125 0.9830492031858531 11.836095371381582 0 
0.00014902099609375 0.9918630147836137 11.835319224925039 0 
0.0001514599609375 1.0005760837041398 11.834728995033577 0 
0.00015389892578125002 1.009188817915471 11.834791404318723 0 
0.000156337890625 1.0177016269737336 11.832935748155275 0 
0.000157557373046875 1.0219207248925817 11.832160081547794 0 
0.00015877685546875 1.026115013353944 11.826646148585205 0 
0.0001612158203125 1.0344338283333967 11.825521308514386 0 
0.00016365478515625002 1.0426613126838766 11.823358032488697 0 
0.00016609375 1.050797946547446 11.8246497939785 0 
0.00016853271484375 1.058844183671494 11.825701539165994 0 
0.0001709716796875 1.0668005399439948 11.824354433456874 0 
0.00017341064453125002 1.0746696691668327 11.822615039052442 0 
0.000175849609375 1.0824553436558575 11.821447038958034 0 
0.00017828857421875 1.09015823103103 11.815864174193903 0 
0.0001807275390625 1.0977786490470656 11.81523090120464 0 
0.00018316650390625002 1.1053171927880003 11.81488076262879 0 
0.00018560546875 1.112774611336949 11.812729443794225 0 
0.00018804443359375 1.120155242060034 11.813857256462127 0 
0.0001904833984375 1.1274604503337764 11.814746915406145 0 
0.00019292236328125002 1.1346908182234032 11.813658300098878 0 
0.000195361328125 1.1418467610032166 11.812851868756148 0 
0.00019780029296875 1.1489287919760698 11.806702787782571 0 
0.0002002392578125 1.1559379096408489 11.806623166245606 0 
0.00020267822265625002 1.162877552005361 11.805689397473609 0 
0.0002051171875 1.1697485717481493 11.80530357632774 0 
0.00020755615234375 1.1765514983563412 11.805015547379801 0 
0.0002099951171875 1.1832867088845056 11.804745472521757 0 
0.00021243408203125002 1.1899547975580227 11.80304158887863 0 
0.000214873046875 1.1965563864533484 11.803928512947165 0 
0.00021731201171875 1.2030946155567857 11.803151140022662 0 
0.0002197509765625 1.2095705495221967 11.80209393849237 0 
0.00022218994140625002 1.2159846768744071 11.79638498311422 0 
0.00022462890625 1.222337419276482 11.796307731692874 0 
0.00022706787109375 1.2286292443196423 11.795052460727085 0 
0.0002295068359375 1.2348605692997132 11.795392727151912 0 
0.00023194580078125001 1.2410330132896237 11.795582896216628 0 
0.000234384765625 1.247148544226177 11.795317420066063 0 
0.00023682373046875 1.2532076644373402 11.795489132275428 0 
0.0002392626953125 1.2592108104453117 11.794540759337698 0 
0.00024170166015625001 1.2651583443143137 11.793046796500692 0 
0.000244140625 1.2710506465191012 11.792447877123061 0 
0.00024657958984375 1.276888255577949 11.78728093047337 0 
0.00024901855468749997 1.2826730602477334 11.78625976611861 0 
0.00025145751953125 1.2884064089552532 11.785635915222018 0 
0.000253896484375 1.2940887809271284 11.783468815773581 0 
0.00025633544921875 1.2997204691980373 11.784282891035057 0 
0.0002587744140625 1.30530190672041 11.785469002895619 0 
0.00026121337890625 1.310833415298141 11.78568173925695 0 
0.00026365234375 1.316315492591605 11.784694928990817 0 
0.00026609130859375 1.3217494539651613 11.783505487650327 0 
0.00026853027343749997 1.3271367267937302 11.782712488460893 0 
0.00027096923828125 1.3324777345722951 11.781947039120654 0 
0.000273408203125 1.337772842619927 11.776360146776089 0 
0.00027584716796875 1.3430222966424217 11.775790760296273 0 
0.0002782861328125 1.3482265969083311 11.775148342686736 0 
0.00028072509765625 1.353385973943471 11.773032262362026 0 
0.0002831640625 1.358501030837325 11.773799122591704 0 
0.00028560302734375 1.3635733336368379 11.775534725375513 0 
0.00028804199218749997 1.3686034433185994 11.774336112074483 0 
0.00029048095703125 1.373591677493078 11.77312848325526 0 
0.000292919921875 1.3785383541721146 11.77150151431075 0 
0.00029535888671875 1.3834438632948363 11.767112913158854 0 
0.0002977978515625 1.3883084694615775 11.766215764915886 0 
0.00030267578125 1.3979164737237122 11.765084357430032 0 
0.00030755371093749997 1.4073693819370607 11.763556506869124 0 
0.000312431640625 1.4166709200991368 11.76273367241326 0 
0.00031487060546875 1.421265625693151 11.762598609251505 0 
0.0003173095703125 1.425823417829931 11.756096664766744 0 
0.0003221875 1.4348293078398777 11.75578660482954 0 
0.00032706542968749996 1.4436958536435798 11.755429501315064 0 
0.000331943359375 1.4524273992037946 11.753157040574344 0 
0.00033438232421875 1.4567432570631846 11.752520504088833 0 
0.0003368212890625 1.4610260660070142 11.74625035442779 0 
0.00034169921875 1.469493831810122 11.745691103448328 0 
0.00034657714843749996 1.4778326254095489 11.745599837997302 0 
0.000351455078125 1.4860443808317352 11.743567261771222 0 
0.0003563330078125 1.4941309862458747 11.741760406209483 0 
0.00035877197265625 1.4981279528801013 11.735537573106006 0 
0.0003612109375 1.5020943187884266 11.734930966296302 0 
0.00036608886718749996 1.5099369612564273 11.735864115761384 0 
0.000370966796875 1.517666080545478 11.733672775376723 0 
0.0003758447265625 1.5252845844001217 11.731379217349899 0 
0.00037828369140625 1.5290529350856374 11.72628221904148 0 
0.00038072265625 1.5327942760517683 11.724235788368597 0 
0.00038560058593749996 1.540196670061197 11.726406310856758 0 
0.000390478515625 1.547493378666412 11.723356201495841 0 
0.0003953564453125 1.554685937970174 11.717015884522008 0 
0.000400234375 1.5617759009638355 11.713976862344303 0 
0.00040511230468749995 1.5687648078376872 11.715745789683035 0 
0.000409990234375 1.5756540575033715 11.712916157635052 0 
0.0004148681640625 1.5824472114189632 11.706552788871457 0 
0.00041974609375 1.5891492072717395 11.703820064390126 0 
0.00042462402343749995 1.5957613467809904 11.704723672877524 0 
0.000429501953125 1.602285089448257 11.702578527822666 0 
0.0004343798828125 1.6087216150981674 11.696033820492387 0 
0.0004392578125 1.615072219613576 11.694183978436689 0 
0.00044413574218749995 1.621338078489156 11.693811554414804 0 
0.000449013671875 1.6275204275348378 11.687207976041693 0 
0.0004538916015625 1.6336203721604383 11.685556383836385 0 
0.00045876953125 1.6396391854841164 11.685089580652269 0 
0.00046364746093749995 1.6455783355915914 11.682875234212219 0 
0.000468525390625 1.6514417208019214 11.676330464670059 0 
0.0004734033203125 1.6572310426614183 11.67534228147368 0 
0.00047828125 1.6629472450871865 11.673064453720851 0 
0.00048315917968749995 1.668591524769651 11.666285095608067 0 
0.00048803710937499997 1.6741648085598246 11.66576879181567 0 
0.0004929150390625 1.6796679984142668 11.664565816084647 0 
0.00049779296875 1.6851021930662382 11.657238823788918 0 
0.0005026708984374999 1.6904682584396233 11.656632962496923 0 
0.000507548828125 1.6957670569123078 11.655750593544948 0 
0.0005124267578125 1.7009995857289169 11.652878123224543 0 
0.0005173046875 1.7061667580700814 11.645484854186593 0 
0.0005221826171874999 1.7112714656411085 11.64588724137947 0 
0.0005270605468749999 1.7163154473685267 11.643585920491097 0 
0.0005319384765625 1.7212995877253983 11.636511070823827 0 
0.00053681640625 1.7262246775752816 11.636461356078186 0 
0.0005416943359374999 1.7310915139750598 11.634552188919825 0 
0.000546572265625 1.7359009455588796 11.632565701343857 0 
0.0005514501953125 1.7406536110211932 11.62514519831318 0 
0.000556328125 1.7453503188989576 11.625252796034683 0 
0.0005612060546874999 1.7499918099077383 11.623051685830404 0 
0.0005660839843749999 1.7545787342542358 11.615177201833196 0 
0.00057583984375 1.763591741887842 11.613805747951806 0 
0.0005807177734374999 1.7680204000914732 11.61177782875223 0 
0.000585595703125 1.7723993347661504 11.605322881169025 0 
0.0005953515625 1.7810105360694606 11.602527026144003 0 
0.0006002294921874999 1.78524417412528 11.594442810995217 0 
0.0006051074218749999 1.789430620759052 11.59498870674603 0 
0.0006099853515625 1.7935704834435675 11.59298932805063 0 
0.00061486328125 1.7976643327027162 11.58632159719125 0 
0.000624619140625 1.8057162506822328 11.583285116616878 0 
0.0006294970703125 1.8096754973984484 11.577100060038962 0 
0.000634375 1.813590953901451 11.574701576442123 0 
0.0006441308593749999 1.8212933159802298 11.57230548238068 0 
0.0006490087890625 1.8250826519120917 11.564529686230266 0 
0.00065388671875 1.82883178788632 11.564148768011673 0 
0.0006587646484374999 1.8325411611663471 11.562738543992795 0 
0.000663642578125 1.8362112114983011 11.556228878871833 0 
0.0006733984375 1.8434355499021906 11.553110685989113 0 
0.0006782763671874999 1.8469906823892672 11.546852394495005 0 
0.0006831542968749999 1.850508464434649 11.545764728442965 0 
0.00069291015625 1.8574334734066325 11.54190826261147 0 
0.0006977880859374999 1.8608416111526858 11.533925885828154 0 
0.000702666015625 1.8642141500600349 11.533635758102344 0 
0.000712421875 1.8708543519991159 11.526271135673715 0 
0.0007221777343749999 1.8773612706361318 11.523007293375622 0 
0.0007270556640625 1.8805659668532995 11.516514868358756 0 
0.0007319335937499999 1.8837386764861972 11.51481785532938 0 
0.000741689453125 1.8899896045110822 11.507157828181336 0 
0.0007514453124999999 1.8961170634869673 11.502817817460835 0 
0.0007612011718749999 1.90212374691815 11.496253416177275 0 
0.0007709570312499999 1.9080123602625134 11.493014212250133 0 
0.0007758349609374999 1.9109132085760885 11.486623042276168 0 
0.000780712890625 1.9137854791278532 11.484567959974791 0 
0.0007904687499999999 1.9194471695626232 11.477163936731266 0 
0.0008002246093749999 1.9250014758330927 11.47275218545366 0 
0.0008099804687499999 1.930450924062649 11.466897106271569 0 
0.000819736328125 1.9357977002579974 11.46288128333353 0 
0.0008294921874999999 1.9410441320638423 11.454711140624307 0 
0.0008392480468749999 1.9461922490297434 11.452529289931682 0 
0.0008441259765625 1.9487301399387769 11.445126171685626 0 
0.0008490039062499999 1.9512442442961107 11.443049163960222 0 
0.000858759765625 1.956202045455303 11.43640346121713 0 
0.0008685156249999999 1.96106880962904 11.432212390771952 0 
0.0008782714843749999 1.9658478127732788 11.424226513309709 0 
0.0008880273437499999 1.9705409467284072 11.422886829705911 0 
0.0008929052734374999 1.9728559415627136 11.415577254741665 0 
0.000897783203125 1.975150112738177 11.413139035795394 0 
0.0009075390624999999 1.9796769328427397 11.406215062563534 0 
0.0009124169921874999 1.9819100112664205 11.403738408270927 0 
0.0009172949218749999 1.9839961772523207 11.396231369230394 0 
0.0009270507812499999 1.9860355399160667 11.396237173862152 0 
0.000936806640625 1.9878310420775955 11.393036042342109 0 
0.0009465624999999999 1.9893866950749155 11.386365214798253 0 
0.0009563183593749999 1.9907827068334745 11.38285174619642 0 
0.0009660742187499999 1.9921366547993618 11.375072632197167 0 
0.000975830078125 1.9933328539878052 11.36645960692775 0 
0.0009855859375 1.9944748460482506 11.363411904336447 0 
0.0009953417968749999 1.9954757584942073 11.357273304208901 0 
0.00100509765625 1.9962918198766297 11.352619463382984 0 
0.001014853515625 1.9972223337777524 11.344456952590862 0 
0.001024609375 1.99804552740362 11.342611073548916 0 
0.0010343652343749999 1.9987822255047816 11.332842820431104 0 
0.0010441210937499998 1.9993045542711947 11.32406258181467 0 
0.001053876953125 1.999958840734526 11.32234616827063 0 
0.0010636328125 2.0004293199787915 11.312668011772393 0 
0.0010733886718749999 2.0008840544368 11.303155917149734 0 
0.00108314453125 2.0012041050183473 11.295793971664034 0 
0.0010880224609375 2.0013917480512187 11.293067352684291 0 
0.001092900390625 2.0017232901513102 11.285699178350688 0 
0.00110265625 2.001871735096701 11.282988935567433 0 
0.0011124121093749998 2.0021814757328045 11.27480504903621 0 
0.0011221679687499998 2.002506234259242 11.27273318662839 0 
0.001131923828125 2.0027048806683903 11.26280600903541 0 
0.0011416796875 2.0027789086712944 11.253066303182534 0 
0.0011514355468749998 2.0029367565594494 11.245646150406728 0 
0.0011563134765625 2.002892431874752 11.242966236587957 0 
0.00116119140625 2.003029676458346 11.23551501436376 0 
0.001170947265625 2.0029165046933515 11.23293810885721 0 
0.001180703125 2.0030591943083937 11.224455138979556 0 
0.0011904589843749998 2.003055521471718 11.222475524797295 0 
0.0012002148437499998 2.0030673231475724 11.212587336295382 0 
0.001209970703125 2.003042283867944 11.202917152638747 0 
0.0012197265624999999 2.002756842714212 11.194901089250948 0 
0.0012294824218749998 2.002734983769076 11.186904811139431 0 
0.00123923828125 2.002448036917975 11.182883748510678 0 
0.001248994140625 2.002442963662791 11.173934349753527 0 
0.0012587499999999999 2.0021827516417394 11.16536743560909 0 
0.0012685058593749998 2.0019052064315104 11.155940719826791 0 
0.0012782617187499998 2.001679583270605 11.152778236446927 0 
0.001288017578125 2.001383961357397 11.144504484446148 0 
0.0012977734374999999 2.001148540882527 11.142231703369339 0 
0.0013075292968749998 2.000910967998311 11.132774406514079 0 
0.00131728515625 2.000415985936369 11.12295677889884 0 
0.001327041015625 2.0001250211705446 11.11490063471095 0 
0.0013367968749999999 1.9998368076817463 11.105618843895453 0 
0.0013465527343749998 1.999148716632561 11.102775538039765 0 
0.0013563085937499998 1.9990288823020086 11.094401681929275 0 
0.001366064453125 1.9985098044565044 11.087248793249394 0 
0.0013758203124999999 1.997999751681677 11.08272137854188 0 
0.0013855761718749998 1.9977219169050024 11.073166896175112 0 
0.00139533203125 1.997186773379133 11.06480734106931 0 
0.001405087890625 1.9966705559510316 11.057060902285754 0 
0.0014148437499999999 1.9962509913658504 11.05258685452426 0 
0.0014245996093749998 1.9954857882425068 11.044393363221351 0 
0.0014343554687499998 1.994975400646331 11.036557975438136 0 
0.001444111328125 1.9944219761633313 11.03274079565485 0 
0.0014538671874999999 1.9941338204176826 11.024134767051166 0 
0.0014636230468749998 1.9934985726254908 11.017060331879964 0 
0.00147337890625 1.9927543831243342 11.01268830569633 0 
0.001483134765625 1.9924825522101044 11.003701300982401 0 
0.0014928906249999999 1.991729354840889 10.99625422968316 0 
0.0015026464843749998 1.9912482298204108 10.992663357240872 0 
0.0015124023437499997 1.9908036042601678 10.98345906375832 0 
0.001522158203125 1.9899405395934626 10.975515664422096 0 
0.0015319140624999999 1.9893571867536124 10.972621049285674 0 
0.0015416699218749998 1.9888132903085178 10.962958630763264 0 
0.00155142578125 1.9881660887065113 10.955104791127345 0 
0.001561181640625 1.9875603086841014 10.952645587320951 0 
0.0015709374999999999 1.9868515833786122 10.942890146910988 0 
0.0015806933593749998 1.986186085803303 10.934516000242379 0 
0.0015904492187499997 1.985579451086806 10.932634608836569 0 
0.001600205078125 1.984694931473739 10.923030010791347 0 
0.0016099609374999998 1.9842739827239748 10.915598577667346 0 
0.0016197167968749998 1.983519142960791 10.91263339730295 0 
0.00162947265625 1.9826114466778006 10.903559839444618 0 
0.001639228515625 1.9821231425827004 10.896014502366956 0 
0.0016489843749999998 1.9811178751549972 10.89265717944251 0 
0.0016587402343749998 1.9806500504895261 10.883989699785712 0 
0.0016684960937499997 1.9797390184147943 10.876224053863819 0 
0.001678251953125 1.9791585618214025 10.872502267481813 0 
0.0016880078124999998 1.9785493942006622 10.864167675695638 0 
0.0016977636718749998 1.9779193531900536 10.862583306205886 0 
0.00170751953125 1.9772688727245722 10.85315907966845 0 
0.0017172753906249999 1.9760974367696873 10.84428863323048 0 
0.0017270312499999998 1.9756540289101103 10.842751012743976 0 
0.0017367871093749998 1.974943312775579 10.833755828281067 0 
0.0017465429687499997 1.9741426687526138 10.82643490601477 0 
0.0017562988281249999 1.973291776321531 10.821875813579183 0 
0.0017660546874999998 1.9726269925009279 10.814156429813965 0 
0.0017758105468749998 1.9719135587975178 10.81203901038591 0 
0.00178556640625 1.971111087881574 10.803284737370667 0 
0.0017953222656249999 1.9700362654511763 10.795234352427663 0 
0.0018050781249999998 1.969715307596448 10.791226386618403 0 
0.0018148339843749998 1.9688625446144976 10.784057133548398 0 
0.0018245898437499997 1.9679933520273876 10.776903712646675 0 
0.0018343457031249999 1.9671080510552743 10.773109079631766 0 
0.0018441015624999998 1.9661991942494086 10.76490856367485 0 
0.0018538574218749998 1.96565237665619 10.762119451993954 0 
0.00186361328125 1.964901016169326 10.754017890888736 0 
0.0018733691406249999 1.9642221777682658 10.752881663681709 0 
0.0018831249999999998 1.9632628779916048 10.743633243007462 0 
0.0018928808593749998 1.962281387896968 10.735992322965133 0 
0.0019026367187499997 1.9616685492974493 10.732244164596143 0 
0.0019221484374999998 1.9601057731861566 10.722511000709298 0 
0.0019319042968749998 1.959071201747251 10.713786591280186 0 
0.00194166015625 1.9585936039155996 10.712571609491876 0 
0.0019514160156249999 1.9578142697887917 10.703577831067756 0 
0.001961171875 1.9567509173824011 10.69624501638288 0 
0.001970927734375 1.9560486684579081 10.692609019410066 0 
0.0019806835937499997 1.955420637389038 10.68537580097322 0 
0.0019904394531249994 1.9543225311384083 10.682427419325828 0 
0.0020001953124999996 1.9537747838095676 10.673997766908624 0 
0.0020099511718749997 1.9529303940071319 10.672712984295929 0 
0.00201970703125 1.9523393843321486 10.663805618909203 0 
0.002029462890625 1.9509512828035294 10.655630336726695 0 
0.00203921875 1.9503489079106326 10.653327953927684 0 
0.0020489746093749995 1.9495671513494852 10.64610842588388 0 
0.0020587304687499997 1.9488625263551904 10.643084411235474 0 
0.002068486328125 1.948063183076147 10.635848603601701 0 
0.0020782421875 1.9473416664619723 10.632847148351557 0 
0.002087998046875 1.9461335237698854 10.624581376060002 0 
0.00209775390625 1.9457874540234865 10.621392281356124 0 
0.002117265625 1.9436417789477922 10.612542688290333 0 
0.0021367773437499997 1.9420224734409124 10.6027797162306 0 
0.0021465332031249994 1.9413322065261591 10.593684414630825 0 
0.0021562890624999996 1.94037355016225 10.592816942640951 0 
0.0021660449218749997 1.9396693225148738 10.583621452341676 0 
0.00217580078125 1.939261591769499 10.582635908675302 0 
0.0021953124999999998 1.9375584679244977 10.572938156997013 0 
0.0022050683593749995 1.9366526158776778 10.56359948388145 0 
0.0022148242187499997 1.935828891165274 10.562742289731968 0 
0.002224580078125 1.9349100501509189 10.553545157329257 0 
0.0022343359375 1.9340738505194315 10.552502154222609 0 
0.002244091796875 1.9330543228414419 10.543489196328974 0 
0.00225384765625 1.932286058616859 10.54200673328001 0 
0.0022733593749999998 1.9308878021080476 10.532614894875127 0 
0.002283115234375 1.930023143255255 10.523525352884988 0 
0.0022928710937499997 1.9289743738047573 10.522235163837557 0 
0.0023123828124999996 1.927706004739889 10.512562865800833 0 
0.0023221386718749997 1.926730444858876 10.503544714076101 0 
0.00233189453125 1.9258400084734566 10.502641911308347 0 
0.002341650390625 1.9253454668210046 10.493788976283506 0 
0.0023514062499999998 1.9243550805240734 10.49208966559272 0 
0.0023611621093749995 1.9234505435105722 10.48367850954218 0 
0.0023709179687499997 1.9229439198608114 10.477344508326878 0 
0.002380673828125 1.9219396193103007 10.47482895597393 0 
0.0023904296875 1.9210218551633393 10.467276788355704 0 
0.00240994140625 1.9194864519836174 10.46301448376924 0 
0.0024294531249999998 1.918027581966948 10.453319898004022 0 
0.002439208984375 1.9171162701987088 10.446450053279815 0 
0.0024489648437499996 1.9160474940228103 10.443311791693766 0 
0.0024587207031249994 1.9155171504359263 10.442876687367056 0 
0.0024684765624999995 1.914384894645887 10.433362316566376 0 
0.00248798828125 1.9129747864638769 10.423708909267466 0 
0.0025074999999999997 1.911488196647778 10.415127404060652 0 
0.0025270117187499996 1.9098430994731468 10.405625189941906 0 
0.0025465234375 1.908213155682371 10.402482506218119 0 
0.002556279296875 1.9072260625766626 10.393299006382865 0 
0.00256603515625 1.9066649335036572 10.392340211899773 0 
0.0025855468749999997 1.9051335886709035 10.382811046545163 0 
0.00260505859375 1.9034442822667899 10.373080308238023 0 
0.0026245703125 1.9019774125894775 10.363320340598884 0 
0.00264408203125 1.900184822118048 10.353851972710729 0 
0.00266359375 1.8990052174422563 10.346006558024488 0 
0.00268310546875 1.8973069883478801 10.342653876391202 0 
0.0026928613281249998 1.8962932337794476 10.333300217519856 0 
0.0027026171875 1.8956950595321813 10.326408475413169 0 
0.0027221289062500003 1.8941882010453213 10.323085033421473 0 
0.0027318847656250004 1.893378249180346 10.322194817660307 0 
0.002741640625 1.8923544612801413 10.31317738647786 0 
0.00276115234375 1.8911411502749824 10.30480398796402 0 
0.0027806640625000004 1.8894066362452278 10.296496167684815 0 
0.0028001757812500003 1.8877609321153117 10.292320290823891 0 
0.0028196875 1.8865318316839177 10.283065627457823 0 
0.00283919921875 1.8849889175073522 10.273210648413158 0 
0.0028587109375 1.8831091908920048 10.264504998783156 0 
0.0028782226562500002 1.8818753311460155 10.262705767257673 0 
0.0028879785156250004 1.881252894310943 10.253913374365835 0 
0.002897734375 1.8800132778160814 10.246599551302275 0 
0.00291724609375 1.878858409211821 10.243144698426097 0 
0.0029367578125000003 1.8771792105991563 10.234233351642368 0 
0.0029562695312500002 1.875923055093784 10.232776793067506 0 
0.002966025390625 1.8752941871901918 10.223704482749739 0 
0.00297578125 1.8740444492115378 10.216700242888088 0 
0.00299529296875 1.8728782976908989 10.213134142273368 0 
0.0030148046875 1.8711856061659369 10.204388592551515 0 
0.0030343164062500002 1.8699191526072554 10.202780701879826 0 
0.003053828125 1.8686512684321441 10.192993665411407 0 
0.00307333984375 1.8670664123211336 10.183155962276325 0 
0.0030928515625000003 1.865581831858096 10.176148356552575 0 
0.0031123632812500002 1.8638771633793294 10.172106521969297 0 
0.003131875 1.862602463091643 10.163108866506054 0 
0.00315138671875 1.861327138743725 10.155169592802876 0 
0.0031708984375 1.8594228814919576 10.152727633859488 0 
0.00319041015625 1.8583686355722422 10.143088059009385 0 
0.003209921875 1.8569642819399648 10.134505898208252 0 
0.00322943359375 1.8552424700718473 10.132473244185013 0 
0.0032489453125000003 1.8539721142219816 10.122904239393902 0 
0.00326845703125 1.852693071172693 10.114289561986148 0 
0.00328796875 1.8514141910274093 10.112596386066 0 
0.00330748046875 1.849502286257673 10.102800708623366 0 
0.0033269921875 1.8485367790086142 10.094511936486748 0 
0.00334650390625 1.847041850999701 10.09263750171358 0 
0.003366015625 1.8457636131088329 10.083076227814654 0 
0.00338552734375 1.8440387292135598 10.074353744305693 0 
0.0034050390625000003 1.8427698472055343 10.072424301588251 0 
0.00342455078125 1.84149314787342 10.06308212778014 0 
0.0034440625 1.8402173149463947 10.055818555090047 0 
0.00346357421875 1.838942534840018 10.052774964427968 0 
0.0034830859375 1.8376688023377523 10.044085960873629 0 
0.00350259765625 1.8363962032155143 10.042466318859873 0 
0.003522109375 1.8344847203024282 10.032869020418033 0 
0.00354162109375 1.8332138116929415 10.024482483884782 0 
0.0035611328125000003 1.8322619335848311 10.01700156747104 0 
0.00360015625 1.829508869561122 10.012547569912728 0 
0.00361966796875 1.828243975573462 10.0030516047405 0 
0.0036391796875 1.8269807701330516 9.99545975105729 0 
0.00365869140625 1.8257191784483515 9.992755722644112 0 
0.003678203125 1.8246505942124718 9.984565741978967 0 
0.00369771484375 1.8227477093175652 9.982632429951193 0 
0.0037172265625000003 1.8214911042405348 9.97305206724695 0 
0.00373673828125 1.8202451599563834 9.965910451229341 0 
0.00375625 1.8189924533538837 9.962885770196902 0 
0.00377576171875 1.8177417116799268 9.954880246319851 0 
0.0037952734375 1.8164930142276408 9.947056957118065 0 
0.003834296875 1.8140019905239233 9.941979281310134 0 
0.0038733203125000002 1.8115196777825031 9.932591925438025 0 
0.00389283203125 1.8102818851633582 9.923043497844635 0 
0.00391234375 1.80904637276851 9.917266053801796 0 
0.00393185546875 1.807813210319593 9.913032545576703 0 
0.0039513671875 1.8065823965413839 9.905959697879604 0 
0.003970878906249999 1.805353958208415 9.902997198718998 0 
0.003990390625 1.8041279217759154 9.895414195541573 0 
0.00400990234375 1.8029043716000175 9.892863194662933 0 
0.0040294140625 1.801683297374912 9.885022146729185 0 
0.0040489257812500005 1.8004647821370492 9.882771279482805 0 
0.0040684375 1.7992487606572327 9.87465811067753 0 
0.0040879492187499995 1.7980265309123873 9.872473103076848 0 
0.0041074609375 1.7968156687994639 9.86438686270982 0 
0.00412697265625 1.7956074280468728 9.85724695219715 0 
0.004146484375 1.7944017941421424 9.854299789900804 0 
0.0041855078125 1.7924596275179423 9.845373597037186 0 
0.00420501953125 1.7912622264921956 9.842917917196507 0 
0.00422453125 1.7900674981876492 9.835423982845278 0 
0.00424404296875 1.7888755091436246 9.832941997301804 0 
0.0042635546875 1.7876862579221091 9.825543583799405 0 
0.0043025781249999995 1.7855405702143525 9.816681980116423 0 
0.00432208984375 1.7840335058834647 9.812997173663808 0 
0.0043416015625 1.7828554469000293 9.805799690396707 0 
0.004380625 1.7811673353971549 9.802638887248717 0 
0.004400136718749999 1.7799977951248507 9.793727871338556 0 
0.0044196484375 1.7788311797851397 9.786684592216586 0 
0.004458671875 1.7765065208225088 9.782150434298426 0 
0.0044976953125 1.7741934148366139 9.772834598608524 0 
0.00451720703125 1.7730412668421387 9.765324069315417 0 
0.00453671875 1.7718832204442048 9.762989140627742 0 
0.00455623046875 1.7707369069874026 9.75613673513636 0 
0.0045757421875 1.7700593926206438 9.753143250053444 0 
0.0046147656249999995 1.7677813193222374 9.744012362340735 0 
0.0046537890625 1.7657416015156429 9.73544951819505 0 
0.0046928125 1.76382304436848 9.732271610289098 0 
0.004712324218749999 1.7627002039775903 9.723418079450791 0 
0.0047318359375 1.7615803838480892 9.716557282800942 0 
0.004770859375 1.759349587161173 9.712853346125948 0 
0.004790371093750001 1.75823869728339 9.705571913593246 0 
0.0048098828125 1.7571308202796363 9.702998720463874 0 
0.00484890625 1.7553837864818742 9.69418960186144 0 
0.0048879296875 1.7531886742437444 9.68553135989244 0 
0.0049269531249999995 1.7509022798363847 9.682388102063776 0 
0.0049659765625 1.749399343246003 9.672934956898004 0 
0.0049854882812500004 1.7483179823855377 9.66652295815242 0 
0.005005 1.747239607027422 9.663014555924907 0 
0.0050440234375 1.7450919105891312 9.654155848796645 0 
0.005083046875 1.7434181733847336 9.652473455225412 0 
0.005102558593750001 1.7423545672019052 9.643554892535455 0 
0.0051220703125 1.7412938995790188 9.642310394255006 0 
0.00516109375 1.7390779283942486 9.632982765610107 0 
0.0052001171875000005 1.7376484562046366 9.624998688581007 0 
0.005239140625 1.735559243268251 9.622475172662707 0 
0.00525865234375 1.7345190783434545 9.613595377903657 0 
0.0052781640625 1.7334731055716803 9.612638838086896 0 
0.005317187500000001 1.7318799461705492 9.603245943867948 0 
0.0053562109375000005 1.7300552212311493 9.595848108877277 0 
0.005395234375 1.7283526596982195 9.592737250779463 0 
0.005434257812500001 1.7263210580356723 9.583007143963334 0 
0.005473281250000001 1.7243011363228387 9.574544336305953 0 
0.0055123046875000005 1.7227580656844304 9.566724613823792 0 
0.005551328125000001 1.720991072435812 9.563004653669505 0 
0.005590351562500001 1.7193463641427733 9.555496521266907 0 
0.005629375000000001 1.7173711286058249 9.546811334349155 0 
0.0056683984375000005 1.7154073769416753 9.542991980254765 0 
0.005707421875 1.713921614307545 9.535492401569039 0 
0.005746445312500001 1.7122108697871474 9.532440406338004 0 
0.005785468750000001 1.7106224197954494 9.523661176557656 0 
0.0058244921875000005 1.7087022148277564 9.516662997774926 0 
0.005863515625000001 1.7067844467974087 9.512754385385934 0 
0.005902539062500001 1.7053630147486554 9.50422306375676 0 
0.005941562500000001 1.7033704118458965 9.502483686385398 0 
0.0059805859375000004 1.7021731224346883 9.493018482272452 0 
0.006019609375 1.7003064591588708 9.485662450507364 0 
0.006058632812500001 1.6984419408523201 9.482406928406135 0 
0.006097656250000001 1.6970743227723406 9.474224624784439 0 
0.0061366796875 1.6951341527283947 9.472415918711242 0 
0.006175703125000001 1.6939904609696086 9.463252364249168 0 
0.006214726562500001 1.692175730298682 9.457272418118734 0 
0.006253750000000001 1.6908418751544934 9.453008469856856 0 
0.0062927734375 1.6892802048814506 9.446186857236537 0 
0.006331796875 1.6878407524527337 9.442991940015096 0 
0.006370820312500001 1.6860659070213557 9.434909899481134 0 
0.006409843750000001 1.684301467068385 9.426563982065293 0 
0.006487890625000001 1.6811676331668897 9.421581524806122 0 
0.006526914062500001 1.6801168170213678 9.414031433552745 0 
0.006565937500000001 1.678390936059555 9.411594351315841 0 
0.006643984375 1.6755787734523275 9.40238095047758 0 
0.006683007812500001 1.674324013563473 9.393871030547004 0 
0.006722031250000001 1.6726357065211717 9.391781722223936 0 
0.0067610546875 1.6709572639967234 9.383027080671 0 
0.006800078125000001 1.66976140936145 9.381838654555487 0 
0.006839101562500001 1.6683354465126172 9.373331993041461 0 
0.0068781250000000006 1.667031316437929 9.366849133457585 0 
0.006956171875 1.6637475937267316 9.362470200439708 0 
0.006995195312500001 1.6626062163766897 9.353834896259688 0 
0.0070342187500000005 1.660884868947225 9.352143533782723 0 
0.0070732421875 1.6599664043227718 9.344437112587952 0 
0.007112265625000001 1.658368496084399 9.33668363716056 0 
0.0071903125000000005 1.65590899461454 9.333006925455058 0 
0.0072293359375 1.6546851190033198 9.327047009984556 0 
0.007268359375 1.6531211159279906 9.323025431724286 0 
0.007307382812500001 1.6515573547975506 9.316407984280431 0 
0.0073464062500000005 1.650495041587532 9.313052924342207 0 
0.007424453125000001 1.6480099605239296 9.304384618985942 0 
0.0075025000000000005 1.645450370903242 9.295772633523981 0 
0.007580546875 1.6430311896519216 9.292161113592595 0 
0.007619570312500001 1.6415404302027636 9.283253701620376 0 
0.0076585937500000005 1.6400580207771778 9.28254939924756 0 
0.007736640625000001 1.6378302126373394 9.273026587029598 0 
0.007775664062500001 1.6367208746302395 9.272606972300192 0 
0.0078146875 1.6352689801637754 9.263061073223275 0 
0.007892734375 1.632866805715379 9.25480292609969 0 
0.00797078125 1.6306029273690879 9.252619644737043 0 
0.008048828125 1.6284673909862557 9.242934279550072 0 
0.008087851562500002 1.6270005524143443 9.235814826730742 0 
0.008126875 1.6260563480955137 9.233079591962044 0 
0.008204921875 1.6232920454635287 9.224297687497746 0 
0.008282968750000001 1.6212733886009354 9.22253074271976 0 
0.008361015625 1.6189165214255432 9.212850179510214 0 
0.0084390625 1.6167164085737824 9.203440679315642 0 
0.008517109375 1.6146522107077745 9.20236677021087 0 
0.008556132812499999 1.6133350189827704 9.193088358528428 0 
0.00859515625 1.6120162931373982 9.186842050789226 0 
0.008673203125 1.6097970043204948 9.183075659669914 0 
0.00875125 1.6079195672711124 9.175843338847598 0 
0.008829296875 1.6058515248129288 9.172333467723076 0 
0.008907343750000001 1.6039177496211428 9.163783904861676 0 
0.008985390625 1.6014090723127568 9.155829945424413 0 
0.0090634375 1.5993160293821753 9.152208189829638 0 
0.009141484375 1.597563769181169 9.144406961968153 0 
0.00921953125 1.5956187007121732 9.142253711452849 0 
0.009297578125 1.5938064934128178 9.133124441269821 0 
0.009375625 1.591415992848423 9.125701562484432 0 
0.009453671875 1.5894404591403068 9.122721704931033 0 
0.009531718750000001 1.5878050906287886 9.115033547009611 0 
0.009609765625 1.5859746511254664 9.112448880369678 0 
0.0096878125 1.5842758675916389 9.104710207773008 0 
0.009765859375 1.5820038427047 9.102654412494877 0 
0.00984390625 1.5804780486357732 9.0934628495626 0 
0.009921953125 1.578603185235343 9.09260618711765 0 
0.01 1.576879778660407 9.083155823037107 0 
