P M R nu
1e-05 0.1857603438278839 18.662327689549105 0 
1.0609741210937502e-05 0.19237174401796578 18.062177720715127 0 
1.1219482421875002e-05 0.19891251986303038 17.542873666264875 0 
1.1829223632812502e-05 0.20538248611847232 17.093735876483763 0 
1.2438964843750002e-05 0.21178355594250906 16.702452253248946 0 
1.3048706054687502e-05 0.21811778066399307 16.352291865781233 0 
1.3658447265625002e-05 0.22438414727142064 16.045092897455586 0 
1.4268188476562502e-05 0.2305857411724112 15.772269330157712 0 
1.4877929687500002e-05 0.23672401669403642 15.52523870875213 0 
1.5487670898437502e-05 0.24279886677826942 15.30282040872776 0 
1.6097412109375002e-05 0.24881407165115516 15.10267649201883 0 
1.6707153320312502e-05 0.2547682080056337 14.92224423372798 0 
1.731689453125e-05 0.2606653246629054 14.752904949965199 0 
1.79266357421875e-05 0.26650454500302456 14.602585642594285 0 
1.8536376953125e-05 0.27228899455243455 14.462946152571892 0 
1.91461181640625e-05 0.2780183080126795 14.333800350574377 0 
1.9755859375e-05 0.2836953821592817 14.213736251400961 0 
2.03656005859375e-05 0.28931961067714657 14.10276738113234 0 
2.0975341796875e-05 0.2948941331456983 13.99430808407033 0 
2.15850830078125e-05 0.30041774018435086 13.902821290778663 0 
2.219482421875e-05 0.30589413750181804 13.812805370119356 0 
2.28045654296875e-05 0.3113216758621481 13.723154089436715 0 
2.3414306640625e-05 0.316703728750929 13.64517487964235 0 
2.40240478515625e-05 0.32203930623048144 13.572474363061074 0 
2.46337890625e-05 0.3273304712494053 13.50244774914777 0 
2.52435302734375e-05 0.3325782595804684 13.436869329393975 0 
2.5853271484375e-05 0.3377824647184971 13.373723106525281 0 
2.64630126953125e-05 0.34294706055740515 13.31724246585089 0 
2.707275390625e-05 0.34807093776262726 13.262655794694918 0 
2.76824951171875e-05 0.35315254107387556 13.212694276595535 0 
2.8292236328125e-05 0.35819054531164585 13.162523846177898 0 
2.89019775390625e-05 0.36318512020359073 13.113232398819378 0 
2.951171875e-05 0.36814398801728127 13.073056483643185 0 
3.01214599609375e-05 0.3730675452742291 13.026250019515123 0 
3.0731201171875004e-05 0.3779545576473176 12.986071000820624 0 
3.13409423828125e-05 0.3828040650904786 12.952520567349193 0 
3.1950683593750003e-05 0.3876150901969268 12.913103962293887 0 
3.256042480468751e-05 0.39239021622084086 12.876141817627323 0 
3.3170166015625e-05 0.39713473809245553 12.842870779296062 0 
3.37799072265625e-05 0.4018479033760572 12.812451093153904 0 
3.43896484375e-05 0.40652883046856353 12.78286767711909 0 
3.4999389648437506e-05 0.4111767997374884 12.746947860073613 0 
3.5609130859375e-05 0.4157911036639504 12.722676942667082 0 
3.62188720703125e-05 0.42037290136986555 12.696616431668351 0 
3.682861328125e-05 0.4249272552218018 12.666235589091736 0 
3.7438354492187506e-05 0.42945388616872043 12.64556843656833 0 
3.8048095703125e-05 0.4339521702941652 12.622252054043047 0 
3.86578369140625e-05 0.4384215234465855 12.596418703383712 0 
3.9267578125e-05 0.44286143171023595 12.577299193644334 0 
3.9877319335937506e-05 0.44727139183542153 12.555445235317286 0 
4.0487060546875e-05 0.4516541908121518 12.534587934980152 0 
4.10968017578125e-05 0.456013237043451 12.515232732481659 0 
4.170654296875e-05 0.46034796525495836 12.501986683121254 0 
4.2316284179687506e-05 0.46465790564396126 12.474360304377702 0 
4.2926025390625e-05 0.46894259138173605 12.462434484383577 0 
4.35357666015625e-05 0.4732016733452888 12.44340905874352 0 
4.41455078125e-05 0.47743472815832844 12.423063183688653 0 
4.4755249023437505e-05 0.48164242071149793 12.412693314092845 0 
4.5364990234375e-05 0.4858282715408847 12.401732883407766 0 
4.59747314453125e-05 0.4899923425835596 12.382602590954704 0 
4.658447265625e-05 0.494134239774704 12.365125966064252 0 
4.7194213867187505e-05 0.49825362313563554 12.353753060922196 0 
4.7803955078125e-05 0.5023502144009419 12.342462883589045 0 
4.84136962890625e-05 0.5064236992526598 12.332419877596791 0 
4.90234375e-05 0.5104738538138284 12.314999236676847 0 
4.9633178710937505e-05 0.5145013474295046 12.303503715713523 0 
5.0242919921875e-05 0.5185095634224792 12.292757768754454 0 
5.0852661132812505e-05 0.5224984772435544 12.282879680620368 0 
5.146240234375001e-05 0.5264678580072204 12.273200801574971 0 
5.2072143554687505e-05 0.5304173902068936 12.26273080899442 0 
5.268188476562501e-05 0.5343468621615035 12.252494708673305 0 
5.329162597656251e-05 0.538256044489029 12.242437674185283 0 
5.390136718750001e-05 0.5421447802681729 12.232626413714522 0 
5.4511108398437504e-05 0.5460128435549456 12.222878299115536 0 
5.512084960937501e-05 0.549861642057145 12.213369882339169 0 
5.573059082031251e-05 0.5536928536860161 12.20371659226142 0 
5.634033203125001e-05 0.557506416139163 12.192981873083738 0 
5.6950073242187504e-05 0.5613020119453915 12.182977800334863 0 
5.755981445312501e-05 0.5650795147453771 12.173663913703132 0 
5.816955566406251e-05 0.5688387450422155 12.167070727467634 0 
5.877929687500001e-05 0.5725795056329672 12.163136222137409 0 
5.9389038085937504e-05 0.5763017553937002 12.146460912117515 0 
5.999877929687501e-05 0.5800052784890453 12.143195044843921 0 
6.060852050781251e-05 0.5836905236857474 12.141731206480133 0 
6.121826171875001e-05 0.5873595586420849 12.134100212645167 0 
6.18280029296875e-05 0.591012531944238 12.122844874470214 0 
6.2437744140625e-05 0.5946493390382132 12.116440767320745 0 
6.304748535156251e-05 0.5982697530088538 12.11267451054897 0 
6.36572265625e-05 0.6018737059224075 12.103166152466518 0 
6.42669677734375e-05 0.6054611358001535 12.102585939330089 0 
6.487670898437501e-05 0.6090318335774865 12.092647754256031 0 
6.548645019531251e-05 0.6125857358346278 12.085261654497574 0 
6.609619140625e-05 0.6161227751681834 12.074944145412168 0 
6.7315673828125e-05 0.6231490998563605 12.072157926338662 0 
6.792541503906251e-05 0.626640614820378 12.063572897021658 0 
6.853515625e-05 0.6301176634568675 12.062870072939264 0 
6.91448974609375e-05 0.6335801722718399 12.053560242907633 0 
6.975463867187501e-05 0.6370280519524696 12.046704468808738 0 
7.036437988281251e-05 0.6404611789361894 12.043708291720586 0 
7.097412109375e-05 0.6438794744188069 12.035203494047783 0 
7.2193603515625e-05 0.6506714025529098 12.032793865398952 0 
7.280334472656251e-05 0.6540448472248245 12.025386725920988 0 
7.34130859375e-05 0.6574035561092831 12.022944843012795 0 
7.40228271484375e-05 0.6607489366605506 12.022892326835338 0 
7.463256835937501e-05 0.6640811168860393 12.01393370265748 0 
7.524230957031251e-05 0.6674000721462356 12.012858861320465 0 
7.585205078125e-05 0.6707057052400935 12.005444630525659 0 
7.64617919921875e-05 0.6739979383453287 12.003040550925803 0 
7.7071533203125e-05 0.6772767225139446 11.996620750656755 0 
7.8291015625e-05 0.683793730057976 11.992952570725743 0 
7.89007568359375e-05 0.6870318837238262 11.984687334762288 0 
7.951049804687501e-05 0.6902563808140314 11.984743090791138 0 
8.072998046875e-05 0.6966649249404425 11.982949384253883 0 
8.13397216796875e-05 0.699850781727876 11.974888513669594 0 
8.1949462890625e-05 0.7030246803982608 11.973156926758557 0 
8.31689453125e-05 0.7093365381915483 11.965682659855531 0 
8.438842773437501e-05 0.7156001191350089 11.962869550314498 0 
8.499816894531251e-05 0.7187137323474676 11.9627680389801 0 
8.560791015625e-05 0.721815110866731 11.954874804075587 0 
8.6827392578125e-05 0.727981245117935 11.953001304957933 0 
8.743713378906251e-05 0.7310459358795428 11.952650370865257 0 
8.8046875e-05 0.734098347879485 11.944840801781629 0 
8.926635742187501e-05 0.740169726207833 11.943082768680153 0 
9.048583984375e-05 0.7461976059777712 11.935727142266051 0 
9.170532226562501e-05 0.7521817235014202 11.933528240197962 0 
9.292480468750002e-05 0.7581218813190869 11.932414660561186 0 
9.353454589843751e-05 0.7610754176150887 11.924467252910022 0 
9.414428710937501e-05 0.7640178979961796 11.924199123039466 0 
9.536376953125002e-05 0.7698695784090459 11.924114001795031 0 
9.658325195312502e-05 0.7756770725998239 11.916155407490002 0 
9.780273437500002e-05 0.7814437104370117 11.91403714489463 0 
9.902221679687501e-05 0.7871703923417198 11.913397679595306 0 
0.00010024169921875002 0.7928570203218291 11.905628688772603 0 
0.00010146118164062502 0.7985034675864623 11.904180547769982 0 
0.00010268066406250002 0.8041095857284811 11.903745152360715 0 
0.00010390014648437501 0.8096753650115499 11.89578600355948 0 
0.00010511962890625002 0.8152007489270396 11.893490516842833 0 
0.00010633911132812502 0.8206880568645736 11.895051874529656 0 
0.00010755859375000002 0.8261389242627736 11.89240281462259 0 
0.00010877807617187501 0.831553253484856 11.885190255430368 0 
0.00010999755859375002 0.8369310241919854 11.883236454947278 0 
0.00011121704101562502 0.842272157356475 11.884869519922105 0 
0.00011243652343750001 0.8475766470389064 11.882291536940484 0 
0.00011365600585937501 0.8528444704321152 11.875559195695665 0 
0.00011487548828125001 0.8580758412468348 11.873497958506904 0 
0.00011609497070312502 0.8632733583446668 11.873670022851806 0 
0.00011731445312500001 0.868437766329239 11.873832450281883 0 
0.00011853393554687501 0.8735689726709875 11.871985417215411 0 
0.00011975341796875001 0.8786669953917896 11.865691406031324 0 
0.00012097290039062502 0.8837318004648468 11.864550801490985 0 
0.00012219238281250001 0.8887634301952125 11.861898139958242 0 
0.000123411865234375 0.8937618428570531 11.864662479047343 0 
0.00012463134765625003 0.8987271381214597 11.86315357987098 0 
0.00012585083007812502 0.9036612084707394 11.856974849695975 0 
0.0001270703125 0.9085650981143328 11.855753089989411 0 
0.00012950927734375 0.9182825895870984 11.85405817342023 0 
0.0001319482421875 0.92787972100924 11.85411182412662 0 
0.00013438720703125003 0.9373567551459617 11.852227550257567 0 
0.00013560668945312502 0.9420504203671447 11.845866880016025 0 
0.000136826171875 0.9467159849146003 11.845456545265263 0 
0.00013926513671875 0.9559642576339029 11.844332451835852 0 
0.0001417041015625 0.9651023218587195 11.842253577962298 0 
0.00014414306640625002 0.9741304969983307 11.84244680082272 0 
0.00014536254882812502 0.9786035231949541 11.841716759450957 0 
0.00014658203125 0.9830492031858531 11.836095371381582 0 
0.00014902099609375 0.9918630147836137 11.835319224925039 0 
0.0001514599609375 1.0005760837041398 11.834728995033577 0 
0.00015389892578125002 1.009188817915471 11.834791404318723 0 
0.000156337890625 1.0177016269737336 11.832935748155275 0 
0.000157557373046875 1.0219207248925817 11.832160081547794 0 
0.00015877685546875 1.026115013353944 11.826646148585205 0 
0.0001612158203125 1.0344338283333967 11.825521308514386 0 
0.00016365478515625002 1.0426613126838766 11.823358032488697 0 
0.00016609375 1.050797946547446 11.8246497939785 0 
0.00016853271484375 1.058844183671494 11.825701539165994 0 
0.0001709716796875 1.0668005399439948 11.824354433456874 0 
0.00017341064453125002 1.0746696691668327 11.822615039052442 0 
0.000175849609375 1.0824553436558575 11.821447038958034 0 
0.00017828857421875 1.09015823103103 11.815864174193903 0 
0.0001807275390625 1.0977786490470656 11.81523090120464 0 
0.00018316650390625002 1.1053171927880003 11.81488076262879 0 
0.00018560546875 1.112774611336949 11.812729443794225 0 
0.00018804443359375 1.120155242060034 11.813857256462127 0 
0.0001904833984375 1.1274604503337764 11.814746915406145 0 
0.00019292236328125002 1.1346908182234032 11.813658300098878 0 
0.000195361328125 1.1418467610032166 11.812851868756148 0 
0.00019780029296875 1.1489287919760698 11.806702787782571 0 
0.0002002392578125 1.1559379096408489 11.806623166245606 0 
0.00020267822265625002 1.162877552005361 11.805689397473609 0 
0.0002051171875 1.1697485717481493 11.80530357632774 0 
0.00020755615234375 1.1765514983563412 11.805015547379801 0 
0.0002099951171875 1.1832867088845056 11.804745472521757 0 
0.00021243408203125002 1.1899547975580227 11.80304158887863 0 
0.000214873046875 1.1965563864533484 11.803928512947165 0 
0.00021731201171875 1.2030946155567857 11.803151140022662 0 
0.0002197509765625 1.2095705495221967 11.80209393849237 0 
0.00022218994140625002 1.2159846768744071 11.79638498311422 0 
0.00022462890625 1.222337419276482 11.796307731692874 0 
0.00022706787109375 1.2286292443196423 11.795052460727085 0 
0.0002295068359375 1.2348605692997132 11.795392727151912 0 
0.00023194580078125001 1.2410330132896237 11.795582896216628 0 
0.000234384765625 1.247148544226177 11.795317420066063 0 
0.00023682373046875 1.2532076644373402 11.795489132275428 0 
0.0002392626953125 1.2592108104453117 11.794540759337698 0 
0.00024170166015625001 1.2651583443143137 11.793046796500692 0 
0.000244140625 1.2710506465191012 11.792447877123061 0 
0.00024657958984375 1.276888255577949 11.78728093047337 0 
0.00024901855468749997 1.2826730602477334 11.78625976611861 0 
0.00025145751953125 1.2884064089552532 11.785635915222018 0 
0.000253896484375 1.2940887809271284 11.783468815773581 0 
0.00025633544921875 1.2997204691980373 11.784282891035057 0 
0.0002587744140625 1.30530190672041 11.785469002895619 0 
0.00026121337890625 1.310833415298141 11.78568173925695 0 
0.00026365234375 1.316315492591605 11.784694928990817 0 
0.00026609130859375 1.3217494539651613 11.783505487650327 0 
0.00026853027343749997 1.3271367267937302 11.782712488460893 0 
0.00027096923828125 1.3324777345722951 11.781947039120654 0 
0.000273408203125 1.337772842619927 11.776360146776089 0 
0.00027584716796875 1.3430222966424217 11.775790760296273 0 
0.0002782861328125 1.3482265969083311 11.775148342686736 0 
0.00028072509765625 1.353385973943471 11.773032262362026 0 
0.0002831640625 1.358501030837325 11.773799122591704 0 
0.00028560302734375 1.3635733336368379 11.775534725375513 0 
0.00028804199218749997 1.3686034433185994 11.774336112074483 0 
0.00029048095703125 1.373591677493078 11.77312848325526 0 
0.000292919921875 1.3785383541721146 11.77150151431075 0 
0.00029535888671875 1.3834438632948363 11.767112913158854 0 
0.0002977978515625 1.3883084694615775 11.766215764915886 0 
0.00030267578125 1.3979164737237122 11.765084357430032 0 
0.00030755371093749997 1.4073693819370607 11.763556506869124 0 
0.000312431640625 1.4166709200991368 11.76273367241326 0 
0.00031487060546875 1.421265625693151 11.762598609251505 0 
0.0003173095703125 1.425823417829931 11.756096664766744 0 
0.0003221875 1.4348293078398777 11.75578660482954 0 
0.00032706542968749996 1.4436958536435798 11.755429501315064 0 
0.000331943359375 1.4524273992037946 11.753157040574344 0 
0.00033438232421875 1.4567432570631846 11.752520504088833 0 
0.0003368212890625 1.4610260660070142 11.74625035442779 0 
0.00034169921875 1.469493831810122 11.745691103448328 0 
0.00034657714843749996 1.4778326254095489 11.745599837997302 0 
0.000351455078125 1.4860443808317352 11.743567261771222 0 
0.0003563330078125 1.4941309862458747 11.741760406209483 0 
0.00035877197265625 1.4981279528801013 11.735537573106006 0 
0.0003612109375 1.5020943187884266 11.734930966296302 0 
0.00036608886718749996 1.5099369612564273 11.735864115761384 0 
0.000370966796875 1.517666080545478 11.733672775376723 0 
0.0003758447265625 1.5252845844001217 11.731379217349899 0 
0.00037828369140625 1.5290529350856374 11.72628221904148 0 
0.00038072265625 1.5327942760517683 11.724235788368597 0 
0.00038560058593749996 1.540196670061197 11.726406310856758 0 
0.000390478515625 1.547493378666412 11.723356201495841 0 
0.0003953564453125 1.554685937970174 11.717015884522008 0 
0.000400234375 1.5617759009638355 11.713976862344303 0 
0.00040511230468749995 1.5687648078376872 11.715745789683035 0 
0.000409990234375 1.5756540575033715 11.712916157635052 0 
0.0004148681640625 1.5824472114189632 11.706552788871457 0 
0.00041974609375 1.5891492072717395 11.703820064390126 0 
0.00042462402343749995 1.5957613467809904 11.704723672877524 0 
0.000429501953125 1.602285089448257 11.702578527822666 0 
0.0004343798828125 1.6087216150981674 11.696033820492387 0 
0.0004392578125 1.615072219613576 11.694183978436689 0 
0.00044413574218749995 1.621338078489156 11.693811554414804 0 
0.000449013671875 1.6275204275348378 11.687207976041693 0 
0.0004538916015625 1.6336203721604383 11.685556383836385 0 
0.00045876953125 1.6396391854841164 11.685089580652269 0 
0.00046364746093749995 1.6455783355915914 11.682875234212219 0 
0.000468525390625 1.6514417208019214 11.676330464670059 0 
0.0004734033203125 1.6572310426614183 11.67534228147368 0 
0.00047828125 1.6629472450871865 11.673064453720851 0 
0.00048315917968749995 1.668591524769651 11.666285095608067 0 
0.00048803710937499997 1.6741648085598246 11.66576879181567 0 
0.0004929150390625 1.6796679984142668 11.664565816084647 0 
0.00049779296875 1.6851021930662382 11.657238823788918 0 
0.0005026708984374999 1.6904682584396233 11.656632962496923 0 
0.000507548828125 1.6957670569123078 11.655750593544948 0 
0.0005124267578125 1.7009995857289169 11.652878123224543 0 
0.0005173046875 1.7061667580700814 11.645484854186593 0 
0.0005221826171874999 1.7112714656411085 11.64588724137947 0 
0.0005270605468749999 1.7163154473685267 11.643585920491097 0 
0.0005319384765625 1.7212995877253983 11.636511070823827 0 
0.00053681640625 1.7262246775752816 11.636461356078186 0 
0.0005416943359374999 1.7310915139750598 11.634552188919825 0 
0.000546572265625 1.7359009455588796 11.632565701343857 0 
0.0005514501953125 1.7406536110211932 11.62514519831318 0 
0.000556328125 1.7453503188989576 11.625252796034683 0 
0.0005612060546874999 1.7499918099077383 11.623051685830404 0 
0.0005660839843749999 1.7545787342542358 11.615177201833196 0 
0.00057583984375 1.763591741887842 11.613805747951806 0 
0.0005807177734374999 1.7680204000914732 11.61177782875223 0 
0.000585595703125 1.7723993347661504 11.605322881169025 0 
0.0005953515625 1.7810105360694606 11.602527026144003 0 
0.0006002294921874999 1.78524417412528 11.594442810995217 0 
0.0006051074218749999 1.789430620759052 11.59498870674603 0 
0.0006099853515625 1.7935704834435675 11.59298932805063 0 
0.00061486328125 1.7976643327027162 11.58632159719125 0 
0.000624619140625 1.8057162506822328 11.583285116616878 0 
0.0006294970703125 1.8096754973984484 11.577100060038962 0 
0.000634375 1.813590953901451 11.574701576442123 0 
0.0006441308593749999 1.8212933159802298 11.57230548238068 0 
0.0006490087890625 1.8250826519120917 11.564529686230266 0 
0.00065388671875 1.82883178788632 11.564148768011673 0 
0.0006587646484374999 1.8325411611663471 11.562738543992795 0 
0.000663642578125 1.8362112114983011 11.556228878871833 0 
0.0006733984375 1.8434355499021906 11.553110685989113 0 
0.0006782763671874999 1.8469906823892672 11.546852394495005 0 
0.0006831542968749999 1.850508464434649 11.545764728442965 0 
0.00069291015625 1.8574334734066325 11.54190826261147 0 
0.0006977880859374999 1.8608416111526858 11.533925885828154 0 
0.000702666015625 1.8642141500600349 11.533635758102344 0 
0.000712421875 1.8708543519991159 11.526271135673715 0 
0.0007221777343749999 1.8773612706361318 11.523007293375622 0 
0.0007270556640625 1.8805659668532995 11.516514868358756 0 
0.0007319335937499999 1.8837386764861972 11.51481785532938 0 
0.000741689453125 1.8899896045110822 11.507157828181336 0 
0.0007514453124999999 1.8961170634869673 11.502817817460835 0 
0.0007612011718749999 1.90212374691815 11.496253416177275 0 
0.0007709570312499999 1.9080123602625134 11.493014212250133 0 
0.0007758349609374999 1.9109132085760885 11.486623042276168 0 
0.000780712890625 1.9137854791278532 11.484567959974791 0 
0.0007904687499999999 1.9194471695626232 11.477163936731266 0 
0.0008002246093749999 1.9250014758330927 11.47275218545366 0 
0.0008099804687499999 1.930450924062649 11.466897106271569 0 
0.000819736328125 1.9357977002579974 11.46288128333353 0 
0.0008294921874999999 1.9410441320638423 11.454711140624307 0 
0.0008392480468749999 1.9461922490297434 11.452529289931682 0 
0.0008441259765625 1.9487301399387769 11.445126171685626 0 
0.0008490039062499999 1.9512442442961107 11.443049163960222 0 
0.000858759765625 1.956202045455303 11.43640346121713 0 
0.0008685156249999999 1.96106880962904 11.432212390771952 0 
0.0008782714843749999 1.9658478127732788 11.424226513309709 0 
0.0008880273437499999 1.9705409467284072 11.422886829705911 0 
0.0008929052734374999 1.9728559415627136 11.415577254741665 0 
0.000897783203125 1.975150112738177 11.413139035795394 0 
0.0009075390624999999 1.9796769328427397 11.406215062563534 0 
0.0009124169921874999 1.9819100112664205 11.403738408270927 0 
0.0009172949218749999 1.9841231443053629 11.39582680625025 0 
0.0009270507812499999 1.9884903582969615 11.394888497369438 0 
0.000936806640625 1.9927801137103371 11.392610284292081 0 
0.0009416845703125 1.9948964603664012 11.385245032279524 0 
0.0009465624999999999 1.996994160261482 11.383354986475007 0 
0.0009563183593749999 2.0011352140242415 11.377011762050644 0 
0.0009660742187499999 2.0052052172029597 11.372905536069421 0 
0.000975830078125 2.0092054922949 11.364988234244207 0 
0.0009807080078125 2.011179923260874 11.36310764089071 0 
0.0009855859375 2.0131374608609547 11.35562053290233 0 
0.00100509765625 2.0208018971668222 11.352454430969145 0 
0.0010099755859375 2.022677320058111 11.344854735112786 0 
0.001014853515625 2.0245367857969314 11.34296710027241 0 
0.001024609375 2.028208585445889 11.33589956567864 0 
0.0010343652343749999 2.0318183423325027 11.332911705100726 0 
0.0010441210937499998 2.0353684514239676 11.324824328096618 0 
0.001053876953125 2.0388602307675745 11.322333727421888 0 
0.0010636328125 2.042294883055937 11.314255176566153 0 
0.0010733886718749999 2.0456735706317617 11.305796253750708 0 
0.00108314453125 2.0489972270147425 11.302854222017501 0 
0.001092900390625 2.0522669176510435 11.297341278158212 0 
0.00110265625 2.055483576013094 11.292740587315507 0 
0.0011124121093749998 2.058648225456501 11.284787479644752 0 
0.0011221679687499998 2.061761764583039 11.28273531599191 0 
0.001131923828125 2.0648253996798838 11.27446294759031 0 
0.0011416796875 2.067840751024991 11.27266306460857 0 
0.0011514355468749998 2.0708087985570716 11.264161043527821 0 
0.00116119140625 2.0737304001488237 11.262588467384285 0 
0.001170947265625 2.076606506597677 11.253804179818411 0 
0.001180703125 2.0794377652282487 11.245616166395562 0 
0.0012002148437499998 2.0824402929747223 11.242568510730264 0 
0.0012197265624999999 2.0831137243880096 11.233752887115008 0 
0.00123923828125 2.0832157451433932 11.224749653203268 0 
0.0012587499999999999 2.0830589338870196 11.216236738124891 0 
0.0012685058593749998 2.0830375046542393 11.213182772956811 0 
0.0012782617187499998 2.0827734814252272 11.20604520854849 0 
0.0012977734374999999 2.0822735089165136 11.197016403541827 0 
0.0013075292968749998 2.0817142074021024 11.193761389352007 0 
0.00131728515625 2.081379802689265 11.18635801623949 0 
0.001327041015625 2.0808694711778633 11.183704709671904 0 
0.0013367968749999999 2.0803623563743088 11.176355729383433 0 
0.0013465527343749998 2.0800539173830574 11.17348590066197 0 
0.0013563085937499998 2.0793394211095477 11.165625039414737 0 
0.001366064453125 2.078948579684712 11.163085579723035 0 
0.0013758203124999999 2.07814345381661 11.155630658346766 0 
0.0013855761718749998 2.077612141292835 11.14732272388769 0 
0.00139533203125 2.0771651883793356 11.144797211429935 0 
0.001405087890625 2.076427628278463 11.142419136288868 0 
0.0014148437499999999 2.07577359373502 11.13387626260116 0 
0.0014245996093749998 2.0748225547697774 11.132826569350199 0 
0.0014343554687499998 2.074367061114405 11.123675765638538 0 
0.001444111328125 2.0734078501081408 11.115557067964216 0 
0.0014538671874999999 2.072589859185684 11.113085884130486 0 
0.0014636230468749998 2.071867844831338 11.105514876829506 0 
0.00147337890625 2.071315740616651 11.096929382333053 0 
0.0014928906249999999 2.06974858333601 11.092536683744047 0 
0.0015026464843749998 2.068809428747625 11.083656379090733 0 
0.0015124023437499997 2.0680504599349003 11.075712695516385 0 
0.001522158203125 2.066954935395393 11.073040798026234 0 
0.0015319140624999999 2.066447517684802 11.065459977658492 0 
0.0015416699218749998 2.065386995204549 11.05684759242734 0 
0.00155142578125 2.0646052539108455 11.0538900428069 0 
0.001561181640625 2.063844110124285 11.052616389779084 0 
0.0015709374999999999 2.062577392988288 11.043557510664563 0 
0.0015806933593749998 2.0620696131031155 11.035982801368489 0 
0.0015904492187499997 2.0610547607798013 11.033010705541267 0 
0.001600205078125 2.06006640253751 11.02515900820518 0 
0.0016099609374999998 2.059400608140935 11.016766053700959 0 
0.00162947265625 2.057061099735388 11.01275163719167 0 
0.001639228515625 2.056258488789628 11.003498429986882 0 
0.0016489843749999998 2.0554015667463106 10.99600446732353 0 
0.0016587402343749998 2.054500164768647 10.9929699892493 0 
0.0016684960937499997 2.0535545371957262 10.98503920940785 0 
0.001678251953125 2.052565071255036 10.977028444538181 0 
0.0016880078124999998 2.051532058734619 10.97359925417026 0 
0.0016977636718749998 2.0504559087545577 10.97257298409512 0 
0.00170751953125 2.0497579006405915 10.963457071219853 0 
0.0017172753906249999 2.048810566314828 10.955707949345442 0 
0.0017270312499999998 2.0479266791844277 10.953096136060998 0 
0.0017367871093749998 2.046690492046971 10.94512585700035 0 
0.0017465429687499997 2.0458490565670266 10.936623059880153 0 
0.0017660546874999998 2.0437229127017917 10.932564373124924 0 
0.0017758105468749998 2.042779218961031 10.923441650912709 0 
0.00178556640625 2.041904745116577 10.916965929800865 0 
0.0017953222656249999 2.0408970028707505 10.913299767646043 0 
0.0018050781249999998 2.039960663496594 10.905755568474794 0 
0.0018148339843749998 2.0388900191462778 10.902953608166097 0 
0.0018245898437499997 2.037892896909766 10.895033367918522 0 
0.0018343457031249999 2.036760467397962 10.88667203809262 0 
0.0018441015624999998 2.035703729287114 10.883504893253358 0 
0.0018538574218749998 2.034404909291977 10.882691156895376 0 
0.00186361328125 2.0338730470778796 10.873412662142337 0 
0.0018733691406249999 2.0327326069463143 10.87238664659648 0 
0.0018831249999999998 2.0320475724204727 10.863303169193898 0 
0.0018928808593749998 2.0307442342160926 10.855831614437516 0 
0.0019026367187499997 2.029522515252701 10.853008287213521 0 
0.0019123925781249999 2.0287662601937493 10.845361183925323 0 
0.0019221484374999998 2.027988839791116 10.842950987097291 0 
0.0019319042968749998 2.026825824671297 10.835034459908659 0 
0.00194166015625 2.0257567773992915 10.832292547861794 0 
0.0019514160156249999 2.0243975638376286 10.823794497801694 0 
0.001961171875 2.023543320576719 10.817150291934983 0 
0.0019806835937499997 2.021751049573529 10.812835996902177 0 
0.0019904394531249994 2.0208252907867488 10.803357130094032 0 
0.0020001953124999996 2.0198800893833266 10.80263890535715 0 
0.0020099511718749997 2.018915648163307 10.793303711664421 0 
0.00201970703125 2.0171737564901973 10.787015243418223 0 
0.002029462890625 2.0161675949861855 10.783169717971075 0 
0.00203921875 2.015142826641012 10.77608009507344 0 
0.0020587304687499997 2.013811211841357 10.767347995706135 0 
0.002068486328125 2.012735284132286 10.763162424902669 0 
0.0020782421875 2.0116415472833475 10.7563281621847 0 
0.002087998046875 2.0105301202975605 10.753099187629084 0 
0.00209775390625 2.0094011551656648 10.745639100235085 0 
0.002117265625 2.0076394620855074 10.735934455953846 0 
0.002127021484375 2.0064615695938537 10.733010454101843 0 
0.0021367773437499997 2.0051435443569576 10.725192833202774 0 
0.0021562890624999996 2.00351094403347 10.715751318406527 0 
0.0021660449218749997 2.002269976763878 10.712953497432235 0 
0.00217580078125 2.00157434150651 10.705939567300824 0 
0.0021953124999999998 1.999710811647332 10.696492761443679 0 
0.0022148242187499997 1.9976670345274379 10.68702463639208 0 
0.0022343359375 1.99570074551791 10.682485017770409 0 
0.002244091796875 1.9943460129665975 10.673134524709708 0 
0.00225384765625 1.9935546067794667 10.672683214664145 0 
0.0022636035156249996 1.9928837728791575 10.6631567236814 0 
0.0022733593749999998 1.991490064449694 10.662727484833352 0 
0.002283115234375 1.9906660539708494 10.653157574165599 0 
0.0022928710937499997 1.9899643530286473 10.647133336587336 0 
0.0023026269531249994 1.9885328902067552 10.64316299812197 0 
0.0023123828124999996 1.9876774337535756 10.63688348073062 0 
0.0023221386718749997 1.9869458057581275 10.634302316945137 0 
0.00233189453125 1.9854779884875933 10.626654195665681 0 
0.0023514062499999998 1.983831592425402 10.622812370591216 0 
0.0023709179687499997 1.9821496456041554 10.613102794619572 0 
0.002380673828125 1.9806251329114803 10.605661820553085 0 
0.0023904296875 1.9799908189039659 10.603111402726713 0 
0.002400185546875 1.978887216860323 10.602543489206546 0 
0.00240994140625 1.9779370019957618 10.593123492848678 0 
0.0024294531249999998 1.9761486854346857 10.583498020850056 0 
0.002439208984375 1.9753115412464426 10.576468003807232 0 
0.0024489648437499996 1.9736996025542448 10.573795310919072 0 
0.0024684765624999995 1.9718437732670997 10.56497058434984 0 
0.00248798828125 1.9699571848940909 10.55638977107432 0 
0.0025074999999999997 1.968040351459078 10.552736325676007 0 
0.0025172558593749995 1.9677812981856277 10.544140109262976 0 
0.0025270117187499996 1.9667355000481044 10.542187402793315 0 
0.0025465234375 1.9647636444007264 10.532957015668282 0 
0.002556279296875 1.9638384855921687 10.52692363239252 0 
0.00256603515625 1.9627637195535257 10.523093127080813 0 
0.0025855468749999997 1.9610508131258428 10.513609171394656 0 
0.00260505859375 1.9594655736528717 10.505594187346022 0 
0.0026245703125 1.9573887668240055 10.502353870888083 0 
0.0026343261718749997 1.9564556484003879 10.493099354589651 0 
0.00264408203125 1.9552866138392293 10.492435249711294 0 
0.00266359375 1.953806702200747 10.48287215331585 0 
0.00268310546875 1.9519792649667491 10.473082956963449 0 
0.0027026171875 1.950285554053926 10.464293618811517 0 
0.0027221289062500003 1.9480930610551266 10.4554188720833 0 
0.002741640625 1.9465358188860875 10.452518429781799 0 
0.002751396484375 1.9454956593244923 10.443643108363146 0 
0.00276115234375 1.9441535928844176 10.436604285030404 0 
0.0027806640625000004 1.9428575200744462 10.433064461608028 0 
0.0028001757812500003 1.94124857254972 10.424238895246454 0 
0.0028196875 1.9388070430222977 10.415166081234515 0 
0.00283919921875 1.9374651637281473 10.412323326659838 0 
0.0028587109375 1.935808382665471 10.402894568871929 0 
0.0028782226562500002 1.934289531051407 10.39326180600988 0 
0.002897734375 1.9319124248292379 10.38457034668128 0 
0.00291724609375 1.9300749023227903 10.382263198314257 0 
0.0029367578125000003 1.9286661821401512 10.372768887190867 0 
0.0029562695312500002 1.9272772065801405 10.36307061864287 0 
0.00297578125 1.9253544868170231 10.355146778905725 0 
0.00299529296875 1.92394300898937 10.35202214435782 0 
0.0030148046875 1.9219951851211365 10.342920036081177 0 
0.0030343164062500002 1.9205623748826104 10.334027655911713 0 
0.003053828125 1.9185907680764323 10.326028308580335 0 
0.00307333984375 1.916638271754628 10.316956770083076 0 
0.0030928515625000003 1.9151436655663174 10.313035613479482 0 
0.0031123632812500002 1.9141837904779189 10.305638712558732 0 
0.003131875 1.9123578704697215 10.29690084547553 0 
0.00315138671875 1.910680975677076 10.293027040268207 0 
0.0031708984375 1.909041459016023 10.284448366015116 0 
0.00319041015625 1.9071409192385134 10.282550326616963 0 
0.003209921875 1.9061470249927197 10.273021436774473 0 
0.00322943359375 1.9042766883859976 10.264264583106641 0 
0.0032489453125000003 1.9025586348429468 10.262544516129132 0 
0.00326845703125 1.9005119710523821 10.252762930714956 0 
0.00328796875 1.8989222481384347 10.243444293168698 0 
0.00330748046875 1.897915130861423 10.24232731003954 0 
0.0033269921875 1.8963620993208925 10.233005989773087 0 
0.00334650390625 1.8942371065378822 10.22385170440844 0 
0.003366015625 1.8932157042060507 10.222355675594905 0 
0.00338552734375 1.8911251711377686 10.212976156013339 0 
0.0034050390625000003 1.8902415763998779 10.205420300936309 0 
0.00342455078125 1.888465442884794 10.196644784521794 0 
0.0034440625 1.887412747879804 10.193622674365168 0 
0.00346357421875 1.8854612767181633 10.18627669199016 0 
0.0034830859375 1.8836529993197058 10.182625976949966 0 
0.00350259765625 1.8826052325510572 10.174221523536227 0 
0.003522109375 1.8804735737854932 10.172259007713935 0 
0.00354162109375 1.879567682672799 10.16301077764836 0 
0.0035611328125000003 1.8777574658217049 10.155162467726042 0 
0.00358064453125 1.8766819548502447 10.152828435480737 0 
0.00360015625 1.8756048585089804 10.144748015961698 0 
0.00361966796875 1.8736156109166593 10.137353693743817 0 
0.0036391796875 1.8717733670769259 10.132992197811978 0 
0.00365869140625 1.8707043562923218 10.125857378440012 0 
0.003678203125 1.869617909718491 10.12298169427433 0 
0.00369771484375 1.867446222910033 10.113911265176187 0 
0.0037172265625000003 1.866522669548547 10.106452016870112 0 
0.00375625 1.8635865000048173 10.102416280176794 0 
0.00377576171875 1.862491562835087 10.093012003422542 0 
0.0037952734375 1.8603027258069003 10.085199465886694 0 
0.003834296875 1.8582744023678088 10.075485679911154 0 
0.00385380859375 1.8564171660438762 10.07209844387827 0 
0.0038733203125000002 1.8553160806368052 10.064248377398082 0 
0.00389283203125 1.854214691202742 10.062628906583473 0 
0.00391234375 1.8531130812703767 10.054460204728025 0 
0.00393185546875 1.851452812261206 10.046698935176353 0 
0.0039513671875 1.8499720445363756 10.04314823750191 0 
0.003970878906249999 1.8480867248949704 10.03700944899648 0 
0.003990390625 1.8469980682867788 10.032997438503575 0 
0.00400990234375 1.8458929126701755 10.032453839822649 0 
0.0040294140625 1.8447878849487052 10.023004365104415 0 
0.0040489257812500005 1.843683112861221 10.02194048353327 0 
0.0040684375 1.8414613785216472 10.01294639959745 0 
0.0040879492187499995 1.840909135073228 10.012420717936594 0 
0.0041074609375 1.8394220091310927 10.002988946311232 0 
0.00412697265625 1.838316799291885 10.002293472918277 0 
0.004146484375 1.8364203508119623 9.992962912874937 0 
0.004165996093750001 1.835331580340087 9.98594724842424 0 
0.0041855078125 1.8342265384635568 9.982986221625994 0 
0.00420501953125 1.8331220918366515 9.982288458291393 0 
0.00422453125 1.8320182688881876 9.97300039345339 0 
0.00424404296875 1.8309151663077405 9.967156700587452 0 
0.0042635546875 1.8286807385965256 9.962969631122597 0 
0.004283066406249999 1.828138581777309 9.957310487888712 0 
0.0043025781249999995 1.826878014380456 9.953076433539941 0 
0.0043416015625 1.8244477000470114 9.943757528294782 0 
0.0043611132812500005 1.8225455319408408 9.942400237595098 0 
0.004380625 1.8214456453614236 9.933136001933276 0 
0.0044196484375 1.8192659512874263 9.924184695584467 0 
0.004458671875 1.8170734661957189 9.915371129035249 0 
0.0044976953125 1.8148854763871836 9.912164516319013 0 
0.00451720703125 1.8137932250403412 9.902998220006443 0 
0.00453671875 1.81270218171328 9.896897696981073 0 
0.0045757421875 1.809370557837729 9.892330756645457 0 
0.0046147656249999995 1.8077667811774956 9.882879401043702 0 
0.00463427734375 1.8066814556206463 9.875727868381563 0 
0.0046537890625 1.805435334966646 9.872982225067547 0 
0.0046733007812500005 1.8041194127016844 9.872088510187758 0 
0.0046928125 1.8030377560841642 9.862999966641034 0 
0.0047318359375 1.800878799080224 9.854435029805863 0 
0.004770859375 1.798725726800016 9.846360571082117 0 
0.004790371093750001 1.7976514268892754 9.842996957444148 0 
0.0048098828125 1.7957564484628796 9.836631447280615 0 
0.00482939453125 1.7946844063447887 9.833000179693496 0 
0.00484890625 1.7936139217587816 9.826777418901502 0 
0.0048879296875 1.7914778620148417 9.822913459045472 0 
0.004907441406249999 1.7904122000764875 9.816696592752667 0 
0.0049269531249999995 1.789348216483116 9.813000941383969 0 
0.0049659765625 1.7872425745575489 9.804747809956275 0 
0.005005 1.7851263838296256 9.80230466138072 0 
0.005024511718749999 1.784070833022277 9.793312486324318 0 
0.0050440234375 1.7830170951543698 9.79241428043744 0 
0.005083046875 1.7809146815521972 9.782986922907357 0 
0.0051220703125 1.7788194219748212 9.774041595358788 0 
0.00516109375 1.7767313032141938 9.766511797367194 0 
0.00518060546875 1.7756725369117279 9.763003972032053 0 
0.0052001171875000005 1.7746329980517164 9.756376741358604 0 
0.005239140625 1.7725594431066796 9.75298596132017 0 
0.0052781640625 1.7704932570008487 9.744104563565028 0 
0.005317187500000001 1.76843455204302 9.737284009179197 0 
0.0053562109375000005 1.7672250787414878 9.73298291880306 0 
0.005395234375 1.7651825999643378 9.724159516788921 0 
0.005434257812500001 1.7631477056285982 9.722339157271465 0 
0.005473281250000001 1.7611205620750174 9.712815877827442 0 
0.0055123046875000005 1.7593429173415065 9.703703826529187 0 
0.005551328125000001 1.7574999943627512 9.701538643225193 0 
0.0055708398437500015 1.7564973144775515 9.693579514445396 0 
0.005590351562500001 1.754899534378259 9.686816370708966 0 
0.005629375000000001 1.752903283272669 9.68299501856523 0 
0.0056683984375000005 1.7521236103577538 9.682317971224478 0 
0.005707421875 1.7501444369016532 9.672965436340009 0 
0.005746445312500001 1.7481731393114281 9.664041435360067 0 
0.005785468750000001 1.7462097118343471 9.662472716256861 0 
0.0058244921875000005 1.744254318357255 9.652947663577974 0 
0.005863515625000001 1.7423069153045518 9.644076163462639 0 
0.005902539062500001 1.7403498178644896 9.642477709949224 0 
0.005941562500000001 1.7384184361574306 9.632983916925756 0 
0.0059805859375000004 1.7373545626199574 9.626539876702413 0 
0.006019609375 1.73543982346558 9.622833207189194 0 
0.006058632812500001 1.7339505439966494 9.614559606008552 0 
0.006097656250000001 1.7314453827432592 9.612149585400285 0 
0.006175703125000001 1.72889923990884 9.602497965184442 0 
0.006214726562500001 1.7270252521988938 9.592993821606548 0 
0.006253750000000001 1.725159306095783 9.584887222218448 0 
0.0062927734375 1.7233013360133742 9.576626166231787 0 
0.006331796875 1.7214336703490203 9.573034239447425 0 
0.006370820312500001 1.7204608163017037 9.5666838877594 0 
0.006409843750000001 1.7186272346345508 9.563037012635506 0 
0.006487890625000001 1.7160317669607015 9.553682783674347 0 
0.006526914062500001 1.714222442108959 9.552417074324485 0 
0.006565937500000001 1.7124210472357062 9.543018574211146 0 
0.0066049609375 1.7106275759805105 9.53575154846864 0 
0.006643984375 1.7088419960948744 9.532860684811803 0 
0.006683007812500001 1.70792279018528 9.526781286097481 0 
0.006722031250000001 1.7061531403050556 9.523006972112476 0 
0.0067610546875 1.704816675588726 9.516350268260878 0 
0.006780566406250001 1.7033207483333648 9.513031154043594 0 
0.006800078125000001 1.7024447321234817 9.50660345777815 0 
0.0068781250000000006 1.700209127776959 9.503020367137575 0 
0.0069171484375 1.698478581691803 9.495557600707633 0 
0.006956171875 1.69675581158208 9.492861832119235 0 
0.006995195312500001 1.6959054722839422 9.492264880158586 0 
0.0070342187500000005 1.694198065997121 9.4830330307145 0 
0.007112265625000001 1.6918696750793798 9.473887244438268 0 
0.007151289062500001 1.6901851385370383 9.47236024912784 0 
0.0071903125000000005 1.6885081790469236 9.463160072838374 0 
0.0072293359375 1.6868387513432783 9.462279044291016 0 
0.007268359375 1.6851588405356113 9.453059874722372 0 
0.0073464062500000005 1.6831764668205655 9.445558954003735 0 
0.007424453125000001 1.6805433193428903 9.44250724378318 0 
0.007463476562500001 1.6789182544106156 9.433056094196653 0 
0.0075025000000000005 1.677300585187177 9.432527725696476 0 
0.0075415234375 1.6756721532104417 9.423060847219892 0 
0.007580546875 1.6749621604475657 9.422189694006038 0 
0.007619570312500001 1.6736215949732494 9.415197528295307 0 
0.0076585937500000005 1.6715810032974545 9.406716170075875 0 
0.007736640625000001 1.6696961727112951 9.403081361547619 0 
0.007775664062500001 1.6681285115918125 9.402334588823495 0 
0.0078146875 1.6665497970738552 9.39334638543117 0 
0.007892734375 1.6646038469490814 9.392331302134544 0 
0.00797078125 1.662355024338824 9.38259013572513 0 
0.0080098046875 1.660828693436399 9.375115331064249 0 
0.008048828125 1.6593092575644472 9.37290111992528 0 
0.008126875 1.6571744901123202 9.363998034718877 0 
0.0081658984375 1.6561127269746798 9.36287827209682 0 
0.008204921875 1.6539844507213295 9.354413994034072 0 
0.008282968750000001 1.6523027345687487 9.346713419802056 0 
0.008361015625 1.6493452350191062 9.342802852122636 0 
0.0084390625 1.6477768497637877 9.334892565033917 0 
0.008517109375 1.6455397789860635 9.332498529255982 0 
0.008556132812499999 1.6441050949097549 9.323927447082488 0 
0.00859515625 1.6426768045403433 9.32238080553753 0 
0.008673203125 1.6407303388495087 9.31352478126142 0 
0.00875125 1.6390122497785296 9.312508883590645 0 
0.0087902734375 1.6376145656280154 9.304297445465453 0 
0.008829296875 1.6362231079895113 9.302830011294201 0 
0.008907343750000001 1.6343534489214728 9.294506493212443 0 
0.008985390625 1.631411915776169 9.285942222361207 0 
0.0090634375 1.629994229741011 9.283104626431411 0 
0.009141484375 1.627282082934784 9.273582718293797 0 
0.00921953125 1.6259722298418262 9.272289836003958 0 
0.009297578125 1.6239825555831398 9.263676956033706 0 
0.009375625 1.6213566629085692 9.256457419937421 0 
0.009531718750000001 1.6181805908969293 9.25242408026618 0 
0.009570742187500002 1.6168976268547164 9.243167602239827 0 
0.009609765625 1.6156202169082483 9.241843949134164 0 
0.0096878125 1.6139866893017563 9.234759685389875 0 
0.009765859375 1.6119171084862802 9.226714263164146 0 
0.00984390625 1.6100840603284294 9.223636298284251 0 
0.009921953125 1.607608569899704 9.221839595445436 0 
0.01 1.6060611977873473 9.213155478050082 0 
