P M R nu
1e-05 0.1857603438278839 18.662327689549105 0 
1.0609741210937502e-05 0.19237174401796578 18.062177720715127 0 
1.1219482421875002e-05 0.19891251986303038 17.542873666264875 0 
1.1829223632812502e-05 0.20538248611847232 17.093735876483763 0 
1.2438964843750002e-05 0.21178355594250906 16.702452253248946 0 
1.3048706054687502e-05 0.21811778066399307 16.352291865781233 0 
1.3658447265625002e-05 0.22438414727142064 16.045092897455586 0 
1.4268188476562502e-05 0.2305857411724112 15.772269330157712 0 
1.4877929687500002e-05 0.23672401669403642 15.52523870875213 0 
1.5487670898437502e-05 0.24279886677826942 15.30282040872776 0 
1.6097412109375002e-05 0.24881407165115516 15.10267649201883 0 
1.6707153320312502e-05 0.2547682080056337 14.92224423372798 0 
1.731689453125e-05 0.2606653246629054 14.752904949965199 0 
1.79266357421875e-05 0.26650454500302456 14.602585642594285 0 
1.8536376953125e-05 0.27228899455243455 14.462946152571892 0 
1.91461181640625e-05 0.2780183080126795 14.333800350574377 0 
1.9755859375e-05 0.2836953821592817 14.213736251400961 0 
2.03656005859375e-05 0.28931961067714657 14.10276738113234 0 
2.0975341796875e-05 0.2948941331456983 13.99430808407033 0 
2.15850830078125e-05 0.30041774018435086 13.902821290778663 0 
2.219482421875e-05 0.30589413750181804 13.812805370119356 0 
2.28045654296875e-05 0.3113216758621481 13.723154089436715 0 
2.3414306640625e-05 0.316703728750929 13.64517487964235 0 
2.40240478515625e-05 0.32203930623048144 13.572474363061074 0 
2.46337890625e-05 0.3273304712494053 13.50244774914777 0 
2.52435302734375e-05 0.3325782595804684 13.436869329393975 0 
2.5853271484375e-05 0.3377824647184971 13.373723106525281 0 
2.64630126953125e-05 0.34294706055740515 13.31724246585089 0 
2.707275390625e-05 0.34807093776262726 13.262655794694918 0 
2.76824951171875e-05 0.35315254107387556 13.212694276595535 0 
2.8292236328125e-05 0.35819054531164585 13.162523846177898 0 
2.89019775390625e-05 0.36318512020359073 13.113232398819378 0 
2.951171875e-05 0.36814398801728127 13.073056483643185 0 
3.01214599609375e-05 0.3730675452742291 13.026250019515123 0 
3.0731201171875004e-05 0.3779545576473176 12.986071000820624 0 
3.13409423828125e-05 0.3828040650904786 12.952520567349193 0 
3.1950683593750003e-05 0.3876150901969268 12.913103962293887 0 
3.256042480468751e-05 0.39239021622084086 12.876141817627323 0 
3.3170166015625e-05 0.39713473809245553 12.842870779296062 0 
3.37799072265625e-05 0.4018479033760572 12.812451093153904 0 
3.43896484375e-05 0.40652883046856353 12.78286767711909 0 
3.4999389648437506e-05 0.4111767997374884 12.746947860073613 0 
3.5609130859375e-05 0.4157911036639504 12.722676942667082 0 
3.62188720703125e-05 0.42037290136986555 12.696616431668351 0 
3.682861328125e-05 0.4249272552218018 12.666235589091736 0 
3.7438354492187506e-05 0.42945388616872043 12.64556843656833 0 
3.8048095703125e-05 0.4339521702941652 12.622252054043047 0 
3.86578369140625e-05 0.4384215234465855 12.596418703383712 0 
3.9267578125e-05 0.44286143171023595 12.577299193644334 0 
3.9877319335937506e-05 0.44727139183542153 12.555445235317286 0 
4.0487060546875e-05 0.4516541908121518 12.534587934980152 0 
4.10968017578125e-05 0.456013237043451 12.515232732481659 0 
4.170654296875e-05 0.46034796525495836 12.501986683121254 0 
4.2316284179687506e-05 0.46465790564396126 12.474360304377702 0 
4.2926025390625e-05 0.46894259138173605 12.462434484383577 0 
4.35357666015625e-05 0.4732016733452888 12.44340905874352 0 
4.41455078125e-05 0.47743472815832844 12.423063183688653 0 
4.4755249023437505e-05 0.48164242071149793 12.412693314092845 0 
4.5364990234375e-05 0.4858282715408847 12.401732883407766 0 
4.59747314453125e-05 0.4899923425835596 12.382602590954704 0 
4.658447265625e-05 0.494134239774704 12.365125966064252 0 
4.7194213867187505e-05 0.49825362313563554 12.353753060922196 0 
4.7803955078125e-05 0.5023502144009419 12.342462883589045 0 
4.84136962890625e-05 0.5064236992526598 12.332419877596791 0 
4.90234375e-05 0.5104738538138284 12.314999236676847 0 
4.9633178710937505e-05 0.5145013474295046 12.303503715713523 0 
5.0242919921875e-05 0.5185095634224792 12.292757768754454 0 
5.0852661132812505e-05 0.5224984772435544 12.282879680620368 0 
5.146240234375001e-05 0.5264678580072204 12.273200801574971 0 
5.2072143554687505e-05 0.5304173902068936 12.26273080899442 0 
5.268188476562501e-05 0.5343468621615035 12.252494708673305 0 
5.329162597656251e-05 0.538256044489029 12.242437674185283 0 
5.390136718750001e-05 0.5421447802681729 12.232626413714522 0 
5.4511108398437504e-05 0.5460128435549456 12.222878299115536 0 
5.512084960937501e-05 0.549861642057145 12.213369882339169 0 
5.573059082031251e-05 0.5536928536860161 12.20371659226142 0 
5.634033203125001e-05 0.557506416139163 12.192981873083738 0 
5.6950073242187504e-05 0.5613020119453915 12.182977800334863 0 
5.755981445312501e-05 0.5650795147453771 12.173663913703132 0 
5.816955566406251e-05 0.5688387450422155 12.167070727467634 0 
5.877929687500001e-05 0.5725795056329672 12.163136222137409 0 
5.9389038085937504e-05 0.5763017553937002 12.146460912117515 0 
5.999877929687501e-05 0.5800052784890453 12.143195044843921 0 
6.060852050781251e-05 0.5836905236857474 12.141731206480133 0 
6.121826171875001e-05 0.5873595586420849 12.134100212645167 0 
6.18280029296875e-05 0.591012531944238 12.122844874470214 0 
6.2437744140625e-05 0.5946493390382132 12.116440767320745 0 
6.304748535156251e-05 0.5982697530088538 12.11267451054897 0 
6.36572265625e-05 0.6018737059224075 12.103166152466518 0 
6.42669677734375e-05 0.6054611358001535 12.102585939330089 0 
6.487670898437501e-05 0.6090318335774865 12.092647754256031 0 
6.548645019531251e-05 0.6125857358346278 12.085261654497574 0 
6.609619140625e-05 0.6161227751681834 12.074944145412168 0 
6.7315673828125e-05 0.6231490998563605 12.072157926338662 0 
6.792541503906251e-05 0.626640614820378 12.063572897021658 0 
6.853515625e-05 0.6301176634568675 12.062870072939264 0 
6.91448974609375e-05 0.6335801722718399 12.053560242907633 0 
6.975463867187501e-05 0.6370280519524696 12.046704468808738 0 
7.036437988281251e-05 0.6404611789361894 12.043708291720586 0 
7.097412109375e-05 0.6438794744188069 12.035203494047783 0 
7.2193603515625e-05 0.6506714025529098 12.032793865398952 0 
7.280334472656251e-05 0.6540448472248245 12.025386725920988 0 
7.34130859375e-05 0.6574035561092831 12.022944843012795 0 
7.40228271484375e-05 0.6607489366605506 12.022892326835338 0 
7.463256835937501e-05 0.6640811168860393 12.01393370265748 0 
7.524230957031251e-05 0.6674000721462356 12.012858861320465 0 
7.585205078125e-05 0.6707057052400935 12.005444630525659 0 
7.64617919921875e-05 0.6739979383453287 12.003040550925803 0 
7.7071533203125e-05 0.6772767225139446 11.996620750656755 0 
7.8291015625e-05 0.683793730057976 11.992952570725743 0 
7.89007568359375e-05 0.6870318837238262 11.984687334762288 0 
7.951049804687501e-05 0.6902563808140314 11.984743090791138 0 
8.072998046875e-05 0.6966649249404425 11.982949384253883 0 
8.13397216796875e-05 0.699850781727876 11.974888513669594 0 
8.1949462890625e-05 0.7030246803982608 11.973156926758557 0 
8.31689453125e-05 0.7093365381915483 11.965682659855531 0 
8.438842773437501e-05 0.7156001191350089 11.962869550314498 0 
8.499816894531251e-05 0.7187137323474676 11.9627680389801 0 
8.560791015625e-05 0.721815110866731 11.954874804075587 0 
8.6827392578125e-05 0.727981245117935 11.953001304957933 0 
8.743713378906251e-05 0.7310459358795428 11.952650370865257 0 
8.8046875e-05 0.734098347879485 11.944840801781629 0 
8.926635742187501e-05 0.740169726207833 11.943082768680153 0 
9.048583984375e-05 0.7461976059777712 11.935727142266051 0 
9.170532226562501e-05 0.7521817235014202 11.933528240197962 0 
9.292480468750002e-05 0.7581218813190869 11.932414660561186 0 
9.353454589843751e-05 0.7610754176150887 11.924467252910022 0 
9.414428710937501e-05 0.7640178979961796 11.924199123039466 0 
9.536376953125002e-05 0.7698695784090459 11.924114001795031 0 
9.658325195312502e-05 0.7756770725998239 11.916155407490002 0 
9.780273437500002e-05 0.7814437104370117 11.91403714489463 0 
9.902221679687501e-05 0.7871703923417198 11.913397679595306 0 
0.00010024169921875002 0.7928570203218291 11.905628688772603 0 
0.00010146118164062502 0.7985034675864623 11.904180547769982 0 
0.00010268066406250002 0.8041095857284811 11.903745152360715 0 
0.00010390014648437501 0.8096753650115499 11.89578600355948 0 
0.00010511962890625002 0.8152007489270396 11.893490516842833 0 
0.00010633911132812502 0.8206880568645736 11.895051874529656 0 
0.00010755859375000002 0.8261389242627736 11.89240281462259 0 
0.00010877807617187501 0.831553253484856 11.885190255430368 0 
0.00010999755859375002 0.8369310241919854 11.883236454947278 0 
0.00011121704101562502 0.842272157356475 11.884869519922105 0 
0.00011243652343750001 0.8475766470389064 11.882291536940484 0 
0.00011365600585937501 0.8528444704321152 11.875559195695665 0 
0.00011487548828125001 0.8580758412468348 11.873497958506904 0 
0.00011609497070312502 0.8632733583446668 11.873670022851806 0 
0.00011731445312500001 0.868437766329239 11.873832450281883 0 
0.00011853393554687501 0.8735689726709875 11.871985417215411 0 
0.00011975341796875001 0.8786669953917896 11.865691406031324 0 
0.00012097290039062502 0.8837318004648468 11.864550801490985 0 
0.00012219238281250001 0.8887634301952125 11.861898139958242 0 
0.000123411865234375 0.8937618428570531 11.864662479047343 0 
0.00012463134765625003 0.8987271381214597 11.86315357987098 0 
0.00012585083007812502 0.9036612084707394 11.856974849695975 0 
0.0001270703125 0.9085650981143328 11.855753089989411 0 
0.00012950927734375 0.9182825895870984 11.85405817342023 0 
0.0001319482421875 0.92787972100924 11.85411182412662 0 
0.00013438720703125003 0.9373567551459617 11.852227550257567 0 
0.00013560668945312502 0.9420504203671447 11.845866880016025 0 
0.000136826171875 0.9467159849146003 11.845456545265263 0 
0.00013926513671875 0.9559642576339029 11.844332451835852 0 
0.0001417041015625 0.9651023218587195 11.842253577962298 0 
0.00014414306640625002 0.9741304969983307 11.84244680082272 0 
0.00014536254882812502 0.9786035231949541 11.841716759450957 0 
0.00014658203125 0.9830492031858531 11.836095371381582 0 
0.00014902099609375 0.9918630147836137 11.835319224925039 0 
0.0001514599609375 1.0005760837041398 11.834728995033577 0 
0.00015389892578125002 1.009188817915471 11.834791404318723 0 
0.000156337890625 1.0177016269737336 11.832935748155275 0 
0.000157557373046875 1.0219207248925817 11.832160081547794 0 
0.00015877685546875 1.026115013353944 11.826646148585205 0 
0.0001612158203125 1.0344338283333967 11.825521308514386 0 
0.00016365478515625002 1.0426613126838766 11.823358032488697 0 
0.00016609375 1.050797946547446 11.8246497939785 0 
0.00016853271484375 1.058844183671494 11.825701539165994 0 
0.0001709716796875 1.0668005399439948 11.824354433456874 0 
0.00017341064453125002 1.0746696691668327 11.822615039052442 0 
0.000175849609375 1.0824553436558575 11.821447038958034 0 
0.00017828857421875 1.09015823103103 11.815864174193903 0 
0.0001807275390625 1.0977786490470656 11.81523090120464 0 
0.00018316650390625002 1.1053171927880003 11.81488076262879 0 
0.00018560546875 1.112774611336949 11.812729443794225 0 
0.00018804443359375 1.120155242060034 11.813857256462127 0 
0.0001904833984375 1.1274604503337764 11.814746915406145 0 
0.00019292236328125002 1.1346908182234032 11.813658300098878 0 
0.000195361328125 1.1418467610032166 11.812851868756148 0 
0.00019780029296875 1.1489287919760698 11.806702787782571 0 
0.0002002392578125 1.1559379096408489 11.806623166245606 0 
0.00020267822265625002 1.162877552005361 11.805689397473609 0 
0.0002051171875 1.1697485717481493 11.80530357632774 0 
0.00020755615234375 1.1765514983563412 11.805015547379801 0 
0.0002099951171875 1.1832867088845056 11.804745472521757 0 
0.00021243408203125002 1.1899547975580227 11.80304158887863 0 
0.000214873046875 1.1965563864533484 11.803928512947165 0 
0.00021731201171875 1.2030946155567857 11.803151140022662 0 
0.0002197509765625 1.2095705495221967 11.80209393849237 0 
0.00022218994140625002 1.2159846768744071 11.79638498311422 0 
0.00022462890625 1.222337419276482 11.796307731692874 0 
0.00022706787109375 1.2286292443196423 11.795052460727085 0 
0.0002295068359375 1.2348605692997132 11.795392727151912 0 
0.00023194580078125001 1.2410330132896237 11.795582896216628 0 
0.000234384765625 1.247148544226177 11.795317420066063 0 
0.00023682373046875 1.2532076644373402 11.795489132275428 0 
0.0002392626953125 1.2592108104453117 11.794540759337698 0 
0.00024170166015625001 1.2651583443143137 11.793046796500692 0 
0.000244140625 1.2710506465191012 11.792447877123061 0 
0.00024657958984375 1.276888255577949 11.78728093047337 0 
0.00024901855468749997 1.2826730602477334 11.78625976611861 0 
0.00025145751953125 1.2884064089552532 11.785635915222018 0 
0.000253896484375 1.2940887809271284 11.783468815773581 0 
0.00025633544921875 1.2997204691980373 11.784282891035057 0 
0.0002587744140625 1.30530190672041 11.785469002895619 0 
0.00026121337890625 1.310833415298141 11.78568173925695 0 
0.00026365234375 1.316315492591605 11.784694928990817 0 
0.00026609130859375 1.3217494539651613 11.783505487650327 0 
0.00026853027343749997 1.3271367267937302 11.782712488460893 0 
0.00027096923828125 1.3324777345722951 11.781947039120654 0 
0.000273408203125 1.337772842619927 11.776360146776089 0 
0.00027584716796875 1.3430222966424217 11.775790760296273 0 
0.0002782861328125 1.3482265969083311 11.775148342686736 0 
0.00028072509765625 1.353385973943471 11.773032262362026 0 
0.0002831640625 1.358501030837325 11.773799122591704 0 
0.00028560302734375 1.3635733336368379 11.775534725375513 0 
0.00028804199218749997 1.3686034433185994 11.774336112074483 0 
0.00029048095703125 1.373591677493078 11.77312848325526 0 
0.000292919921875 1.3785383541721146 11.77150151431075 0 
0.00029535888671875 1.3834438632948363 11.767112913158854 0 
0.0002977978515625 1.3883084694615775 11.766215764915886 0 
0.00030267578125 1.3979164737237122 11.765084357430032 0 
0.00030755371093749997 1.4073693819370607 11.763556506869124 0 
0.000312431640625 1.4166709200991368 11.76273367241326 0 
0.00031487060546875 1.421265625693151 11.762598609251505 0 
0.0003173095703125 1.425823417829931 11.756096664766744 0 
0.0003221875 1.4348293078398777 11.75578660482954 0 
0.00032706542968749996 1.4436958536435798 11.755429501315064 0 
0.000331943359375 1.4524273992037946 11.753157040574344 0 
0.00033438232421875 1.4567432570631846 11.752520504088833 0 
0.0003368212890625 1.4610260660070142 11.74625035442779 0 
0.00034169921875 1.469493831810122 11.745691103448328 0 
0.00034657714843749996 1.4778326254095489 11.745599837997302 0 
0.000351455078125 1.4860443808317352 11.743567261771222 0 
0.0003563330078125 1.4941309862458747 11.741760406209483 0 
0.00035877197265625 1.4981279528801013 11.735537573106006 0 
0.0003612109375 1.5020943187884266 11.734930966296302 0 
0.00036608886718749996 1.5099369612564273 11.735864115761384 0 
0.000370966796875 1.517666080545478 11.733672775376723 0 
0.0003758447265625 1.5252845844001217 11.731379217349899 0 
0.00037828369140625 1.5290529350856374 11.72628221904148 0 
0.00038072265625 1.5327942760517683 11.724235788368597 0 
0.00038560058593749996 1.540196670061197 11.726406310856758 0 
0.000390478515625 1.547493378666412 11.723356201495841 0 
0.0003953564453125 1.554685937970174 11.717015884522008 0 
0.000400234375 1.5617759009638355 11.713976862344303 0 
0.00040511230468749995 1.5687648078376872 11.715745789683035 0 
0.000409990234375 1.5756540575033715 11.712916157635052 0 
0.0004148681640625 1.5824472114189632 11.706552788871457 0 
0.00041974609375 1.5891492072717395 11.703820064390126 0 
0.00042462402343749995 1.5957613467809904 11.704723672877524 0 
0.000429501953125 1.602285089448257 11.702578527822666 0 
0.0004343798828125 1.6087216150981674 11.696033820492387 0 
0.0004392578125 1.615072219613576 11.694183978436689 0 
0.00044413574218749995 1.621338078489156 11.693811554414804 0 
0.000449013671875 1.6275204275348378 11.687207976041693 0 
0.0004538916015625 1.6336203721604383 11.685556383836385 0 
0.00045876953125 1.6396391854841164 11.685089580652269 0 
0.00046364746093749995 1.6455783355915914 11.682875234212219 0 
0.000468525390625 1.6514417208019214 11.676330464670059 0 
0.0004734033203125 1.6572310426614183 11.67534228147368 0 
0.00047828125 1.6629472450871865 11.673064453720851 0 
0.00048315917968749995 1.668591524769651 11.666285095608067 0 
0.00048803710937499997 1.6741648085598246 11.66576879181567 0 
0.0004929150390625 1.6796679984142668 11.664565816084647 0 
0.00049779296875 1.6851021930662382 11.657238823788918 0 
0.0005026708984374999 1.6904682584396233 11.656632962496923 0 
0.000507548828125 1.6957670569123078 11.655750593544948 0 
0.0005124267578125 1.7009995857289169 11.652878123224543 0 
0.0005173046875 1.7061667580700814 11.645484854186593 0 
0.0005221826171874999 1.7112714656411085 11.64588724137947 0 
0.0005270605468749999 1.7163154473685267 11.643585920491097 0 
0.0005319384765625 1.7212995877253983 11.636511070823827 0 
0.00053681640625 1.7262246775752816 11.636461356078186 0 
0.0005416943359374999 1.7310915139750598 11.634552188919825 0 
0.000546572265625 1.7359009455588796 11.632565701343857 0 
0.0005514501953125 1.7406536110211932 11.62514519831318 0 
0.000556328125 1.7453503188989576 11.625252796034683 0 
0.0005612060546874999 1.7499918099077383 11.623051685830404 0 
0.0005660839843749999 1.7545787342542358 11.615177201833196 0 
0.00057583984375 1.763591741887842 11.613805747951806 0 
0.0005807177734374999 1.7680204000914732 11.61177782875223 0 
0.000585595703125 1.7723993347661504 11.605322881169025 0 
0.0005953515625 1.7810105360694606 11.602527026144003 0 
0.0006002294921874999 1.78524417412528 11.594442810995217 0 
0.0006051074218749999 1.789430620759052 11.59498870674603 0 
0.0006099853515625 1.7935704834435675 11.59298932805063 0 
0.00061486328125 1.7976643327027162 11.58632159719125 0 
0.000624619140625 1.8057162506822328 11.583285116616878 0 
0.0006294970703125 1.8096754973984484 11.577100060038962 0 
0.000634375 1.813590953901451 11.574701576442123 0 
0.0006441308593749999 1.8212933159802298 11.57230548238068 0 
0.0006490087890625 1.8250826519120917 11.564529686230266 0 
0.00065388671875 1.82883178788632 11.564148768011673 0 
0.0006587646484374999 1.8325411611663471 11.562738543992795 0 
0.000663642578125 1.8362112114983011 11.556228878871833 0 
0.0006733984375 1.8434355499021906 11.553110685989113 0 
0.0006782763671874999 1.8469906823892672 11.546852394495005 0 
0.0006831542968749999 1.850508464434649 11.545764728442965 0 
0.00069291015625 1.8574334734066325 11.54190826261147 0 
0.0006977880859374999 1.8608416111526858 11.533925885828154 0 
0.000702666015625 1.8642141500600349 11.533635758102344 0 
0.000712421875 1.8708543519991159 11.526271135673715 0 
0.0007221777343749999 1.8773612706361318 11.523007293375622 0 
0.0007270556640625 1.8805659668532995 11.516514868358756 0 
0.0007319335937499999 1.8837386764861972 11.51481785532938 0 
0.000741689453125 1.8899896045110822 11.507157828181336 0 
0.0007514453124999999 1.8961170634869673 11.502817817460835 0 
0.0007612011718749999 1.90212374691815 11.496253416177275 0 
0.0007709570312499999 1.9080123602625134 11.493014212250133 0 
0.0007758349609374999 1.9109132085760885 11.486623042276168 0 
0.000780712890625 1.9137854791278532 11.484567959974791 0 
0.0007904687499999999 1.9194471695626232 11.477163936731266 0 
0.0008002246093749999 1.9250014758330927 11.47275218545366 0 
0.0008099804687499999 1.930450924062649 11.466897106271569 0 
0.000819736328125 1.9357977002579974 11.46288128333353 0 
0.0008294921874999999 1.9410441320638423 11.454711140624307 0 
0.0008392480468749999 1.9461922490297434 11.452529289931682 0 
0.0008441259765625 1.9487301399387769 11.445126171685626 0 
0.0008490039062499999 1.9512442442961107 11.443049163960222 0 
0.000858759765625 1.956202045455303 11.43640346121713 0 
0.0008685156249999999 1.96106880962904 11.432212390771952 0 
0.0008782714843749999 1.9658478127732788 11.424226513309709 0 
0.0008880273437499999 1.9705409467284072 11.422886829705911 0 
0.000897783203125 1.9735258772344808 11.41395395940929 0 
0.0009075390624999999 1.9756045153100905 11.412808954187163 0 
0.0009172949218749999 1.9774489057944324 11.4038864819478 0 
0.0009270507812499999 1.9791892745727726 11.402980054623004 0 
0.000936806640625 1.9806948962101136 11.393274319651354 0 
0.0009465624999999999 1.9822203589231882 11.385934196061289 0 
0.0009563183593749999 1.9835085097026548 11.376047484609554 0 
0.0009660742187499999 1.9847375783554682 11.373659264289117 0 
0.000975830078125 1.9858124283667662 11.372188824241777 0 
0.0009807080078125 1.9863258067537335 11.363654339317733 0 
0.0009855859375 1.9868913259884116 11.361778483341151 0 
0.0009953417968749999 1.9878666427577332 11.353569050396072 0 
0.00100509765625 1.9887642874975304 11.347314116819405 0 
0.0010099755859375 1.9891973985847855 11.343460193591463 0 
0.001014853515625 1.9895775448989006 11.335939966978883 0 
0.001024609375 1.9903694025421126 11.333321250834254 0 
0.0010343652343749999 1.991065293592921 11.325491431148484 0 
0.0010441210937499998 1.9917006331979543 11.316548005695493 0 
0.001053876953125 1.9922001438791814 11.31306865765897 0 
0.0010636328125 1.9927818929615744 11.304413140080142 0 
0.0010733886718749999 1.9932106214005536 11.302268117168472 0 
0.0010782666015625 1.9936199071251264 11.293283599176034 0 
0.00108314453125 1.9937190581308815 11.286968450325423 0 
0.001092900390625 1.994024907030259 11.283101490514317 0 
0.00110265625 1.9944348355089088 11.27497756535516 0 
0.0011124121093749998 1.9947195020854558 11.27279712038288 0 
0.0011172900390624997 1.9948895557108342 11.264490682357263 0 
0.0011221679687499998 1.994880507079737 11.262785327884705 0 
0.001131923828125 1.9952196772428403 11.253100991249513 0 
0.0011416796875 1.9952947432992656 11.245263460720606 0 
0.0011514355468749998 1.9955691095878105 11.23643869845369 0 
0.00116119140625 1.995436507389434 11.232861258716095 0 
0.001170947265625 1.9955084674814378 11.223090914024493 0 
0.001180703125 1.9958024235848137 11.2156641802195 0 
0.0011904589843749998 1.9956885636241861 11.205780302933167 0 
0.0012002148437499998 1.9957079094954364 11.202958285646929 0 
0.001209970703125 1.995694230932706 11.194079858860684 0 
0.0012197265624999999 1.9955457478196021 11.186230377422271 0 
0.0012246044921874998 1.99561074109561 11.182949585099479 0 
0.0012294824218749998 1.9953684526557702 11.175602252437034 0 
0.00123923828125 1.99535072908413 11.172846263344553 0 
0.001248994140625 1.9952609936694736 11.164506632745324 0 
0.0012587499999999999 1.9951003840877826 11.161953377772678 0 
0.0012685058593749998 1.994870264218154 11.15254989446076 0 
0.0012782617187499998 1.994571766726866 11.142809838929455 0 
0.001288017578125 1.9942002500545373 11.13459713592433 0 
0.0012977734374999999 1.9941045552631778 11.132532705374187 0 
0.0013075292968749998 1.9938528272729816 11.122816956056202 0 
0.00131728515625 1.9935592106196716 11.113198399497788 0 
0.001327041015625 1.9932675980692398 11.105010709453342 0 
0.0013367968749999999 1.992860670775971 11.095368510828967 0 
0.0013465527343749998 1.9924587876764437 11.092811691465734 0 
0.0013563085937499998 1.9922735649528964 11.084374889955448 0 
0.001366064453125 1.9917067411748206 11.076882988572764 0 
0.0013758203124999999 1.9915412685982181 11.072684764487045 0 
0.0013806982421874997 1.9909896519715589 11.06492962113005 0 
0.0013855761718749998 1.9908182791962736 11.06270055395047 0 
0.00139533203125 1.990441890682505 11.054728028286785 0 
0.001405087890625 1.9900210187075462 11.045442206052702 0 
0.0014148437499999999 1.9895565655458662 11.042763551265004 0 
0.0014245996093749998 1.9890492449440182 11.034269951580395 0 
0.0014343554687499998 1.9884999002847368 11.026981221358218 0 
0.001444111328125 1.988321211604597 11.0227718269563 0 
0.0014538671874999999 1.9875686549240843 11.013659135972118 0 
0.0014636230468749998 1.9872579032950208 11.005806926815758 0 
0.00147337890625 1.986552255633687 11.00261582149701 0 
0.001483134765625 1.986230582419483 10.993085513561308 0 
0.0014928906249999999 1.9852580469683645 10.984508665394051 0 
0.0015026464843749998 1.9848746265603838 10.976370322260358 0 
0.0015124023437499997 1.9843248381319298 10.972511944160843 0 
0.001522158203125 1.9838111858926182 10.964465978392187 0 
0.0015319140624999999 1.9831980254031785 10.955313731527234 0 
0.0015416699218749998 1.98262289589306 10.952434981956136 0 
0.00155142578125 1.9819487534196425 10.94439969313977 0 
0.001561181640625 1.9813145142839403 10.935865555757797 0 
0.0015709374999999999 1.9805124563010932 10.932614429461752 0 
0.0015806933593749998 1.9798837310787698 10.92433196787667 0 
0.0015904492187499997 1.9794846264995445 10.915481298455846 0 
0.001600205078125 1.9788247785295037 10.912443760583672 0 
0.0016099609374999998 1.9782140596806572 10.904373942071553 0 
0.0016197167968749998 1.9774184772391994 10.896144629762235 0 
0.00162947265625 1.9769157033119837 10.89232778685421 0 
0.0016489843749999998 1.9754501456975342 10.882633799330508 0 
0.0016587402343749998 1.9748800137274498 10.873196260745365 0 
0.0016684960937499997 1.973965433112444 10.864345205652393 0 
0.001678251953125 1.9733522070422458 10.862659408656695 0 
0.0016880078124999998 1.9727187270664457 10.853755240679899 0 
0.0016977636718749998 1.972065336179615 10.845978441431836 0 
0.00170751953125 1.9713923860039664 10.842524939012467 0 
0.0017172753906249999 1.9707003262929972 10.834115705688824 0 
0.0017270312499999998 1.9699893917064177 10.82649563437768 0 
0.0017367871093749998 1.9692600793065864 10.822856801322901 0 
0.0017465429687499997 1.96851267396911 10.81468762892408 0 
0.0017562988281249999 1.9677475546599996 10.81279532219912 0 
0.0017660546874999998 1.9669650038114217 10.803636947175097 0 
0.0017758105468749998 1.966165486207776 10.795855437831085 0 
0.00178556640625 1.965349188516982 10.792333397079696 0 
0.0017953222656249999 1.9649987418206336 10.78420220192964 0 
0.0018050781249999998 1.9640062574885624 10.782147354821209 0 
0.0018148339843749998 1.963310516181035 10.773412505089643 0 
0.0018245898437499997 1.9626811306084802 10.766157379473405 0 
0.0018343457031249999 1.9617879043158797 10.757370802043544 0 
0.0018441015624999998 1.9608798208632392 10.754053658773005 0 
0.0018538574218749998 1.9603004809071995 10.752872343589043 0 
0.00186361328125 1.9595345362177217 10.743639717812115 0 
0.0018733691406249999 1.9588372925536137 10.736299974025338 0 
0.0018831249999999998 1.9578742546156476 10.727248937514537 0 
0.0019026367187499997 1.9564276772661318 10.722702482104113 0 
0.0019123925781249999 1.9556811210005776 10.713869113314505 0 
0.0019221484374999998 1.9546673750240495 10.705961278501572 0 
0.00194166015625 1.953383882840404 10.696061099108613 0 
0.0019514160156249999 1.9523349014690288 10.687130696536205 0 
0.001961171875 1.951729529790148 10.684123064838664 0 
0.001970927734375 1.9509883053493702 10.68254093306944 0 
0.0019806835937499997 1.9504122530650645 10.673883159510575 0 
0.0019904394531249994 1.9490883974023965 10.665622835115947 0 
0.0020001953124999996 1.9485000929146665 10.6634730076949 0 
0.0020099511718749997 1.947743015220841 10.655790452166816 0 
0.00201970703125 1.9470575075787735 10.653087727103085 0 
0.002029462890625 1.9464360229401878 10.646172751061064 0 
0.00203921875 1.9455798438407221 10.642379534284535 0 
0.0020489746093749995 1.9444281809300952 10.634044537890158 0 
0.0020587304687499997 1.9435462736779079 10.632530573408046 0 
0.002068486328125 1.942898485729823 10.62382249929316 0 
0.0020782421875 1.9422594457984164 10.622567373738416 0 
0.00209775390625 1.9406829785822717 10.612750985970026 0 
0.0021075097656249996 1.9397448329715519 10.6035993893936 0 
0.002117265625 1.9390764584506042 10.597032962526642 0 
0.002127021484375 1.9381232472300043 10.593285055684577 0 
0.0021367773437499997 1.9374410762261716 10.586342775896783 0 
0.0021465332031249994 1.9364733959887004 10.583054032823169 0 
0.0021562890624999996 1.9355149365027122 10.575464029004978 0 
0.00217580078125 1.9343570842384175 10.566072763122076 0 
0.002185556640625 1.933461291765514 10.562985702003688 0 
0.0021953124999999998 1.9326424081955202 10.555498373991368 0 
0.0022050683593749995 1.9318418124084076 10.552889803634976 0 
0.0022148242187499997 1.9309032459575823 10.545274468641889 0 
0.0022343359375 1.9296707383634555 10.535894282578807 0 
0.002244091796875 1.9286640239983037 10.532919626441036 0 
0.00225384765625 1.9277270046111816 10.5252828712288 0 
0.0022733593749999998 1.9263783539100319 10.515789157842752 0 
0.002283115234375 1.9254256306355895 10.513002762393615 0 
0.0022928710937499997 1.9245522225162728 10.505517919413363 0 
0.0023123828124999996 1.9230813943632334 10.495949466116432 0 
0.0023221386718749997 1.9221938740511215 10.493152925513941 0 
0.00233189453125 1.921132777245123 10.485636012566857 0 
0.0023514062499999998 1.9197961948339515 10.476721926745848 0 
0.0023709179687499997 1.9182746933149148 10.47240904857812 0 
0.0023904296875 1.9168237239492958 10.46255211629173 0 
0.002400185546875 1.9158170460909343 10.453524378796294 0 
0.00240994140625 1.9148923052649485 10.452558869771996 0 
0.0024196972656249996 1.9143442177818286 10.444099700944538 0 
0.0024294531249999998 1.9135144929689032 10.436590655778947 0 
0.0024489648437499996 1.911832885423775 10.432820966178044 0 
0.0024684765624999995 1.9102407851295544 10.423091248446793 0 
0.00248798828125 1.9087230893053415 10.413328587403631 0 
0.002497744140625 1.9075955756752172 10.40648404280164 0 
0.0025074999999999997 1.907107171416384 10.403437176964152 0 
0.0025270117187499996 1.905567057864025 10.394352717106118 0 
0.0025465234375 1.9039294415874937 10.38517882161858 0 
0.00256603515625 1.9023689098520697 10.375929844175836 0 
0.0025855468749999997 1.9009029775486608 10.372620444746847 0 
0.002595302734375 1.9001169577594328 10.363642929551759 0 
0.00260505859375 1.8991324464821049 10.35666349267466 0 
0.0026245703125 1.8979338028986559 10.353098864199254 0 
0.00264408203125 1.8962506183635364 10.343256400592216 0 
0.00266359375 1.8946475645742737 10.333880870970216 0 
0.00268310546875 1.8931422145635024 10.325196381542789 0 
0.0027026171875 1.8913314854242582 10.317012816395676 0 
0.002712373046875 1.890716090051678 10.313301082781186 0 
0.0027221289062500003 1.8900994983601846 10.306419351388422 0 
0.002741640625 1.8884954553542392 10.303004016678981 0 
0.00276115234375 1.8867450637190915 10.29317646232253 0 
0.0027806640625000004 1.8854974854962843 10.284735971634401 0 
0.0028001757812500003 1.8839570890084674 10.277366977739034 0 
0.002809931640625 1.883134289004878 10.273189025479562 0 
0.0028196875 1.8826755731618754 10.266718981389023 0 
0.00283919921875 1.880849942328878 10.26300737410043 0 
0.0028587109375 1.8795864021911237 10.253560854735035 0 
0.0028782226562500002 1.8778325690153628 10.245148338928146 0 
0.002897734375 1.8761566812493948 10.242743545240229 0 
0.002907490234375 1.8755280157736043 10.233588250495403 0 
0.00291724609375 1.8748909012248813 10.23282108260329 0 
0.0029367578125000003 1.8736150756919494 10.223170372007305 0 
0.0029562695312500002 1.8720446315694332 10.215196801170231 0 
0.00297578125 1.8705663994572512 10.212733149703915 0 
0.0029855371093750003 1.8695173038384763 10.203174194676969 0 
0.00299529296875 1.868883347077564 10.202765997822647 0 
0.0030148046875 1.8675985438022393 10.193158362920956 0 
0.0030343164062500002 1.8663125411622041 10.186092605448735 0 
0.003053828125 1.8647309070622704 10.176977407913487 0 
0.00307333984375 1.8632430850802955 10.173109769256225 0 
0.0030928515625000003 1.8615502485528648 10.163533961381281 0 
0.0031123632812500002 1.860258811089928 10.162477742364219 0 
0.003131875 1.858966899810809 10.152852862458202 0 
0.00315138671875 1.857674694810109 10.143452441007312 0 
0.0031708984375 1.856085747826612 10.136472496000621 0 
0.003180654296875 1.855357044058274 10.133128540750398 0 
0.00319041015625 1.8545922743180545 10.126414965542113 0 
0.003209921875 1.8532987938399546 10.123121851033037 0 
0.00322943359375 1.8515995083436358 10.115079970681222 0 
0.0032489453125000003 1.8503057257726172 10.106863106973185 0 
0.00326845703125 1.8490122659316055 10.103104098561554 0 
0.00328796875 1.847719398547686 10.095796666585336 0 
0.00330748046875 1.8464270951041215 10.091907045676955 0 
0.0033269921875 1.844544095062501 10.083086861715872 0 
0.00334650390625 1.8435454667088724 10.07611853226918 0 
0.003366015625 1.8420529471494336 10.067056059941107 0 
0.0034050390625000003 1.839474570943205 10.062452467023075 0 
0.00342455078125 1.8383631467920383 10.053063899193829 0 
0.0034440625 1.8364904776592246 10.043685897646515 0 
0.00346357421875 1.8352049218352873 10.0426813330319 0 
0.0034830859375 1.833920753328022 10.033067727104186 0 
0.00350259765625 1.8326380585555508 10.025391581221937 0 
0.003522109375 1.8313569130814387 10.021774476174148 0 
0.0035611328125000003 1.8287994172327005 10.012658647675572 0 
0.00358064453125 1.827523243882527 10.003063588871184 0 
0.00360015625 1.8262488060927702 9.995673878221526 0 
0.00361966796875 1.8249761969679859 9.992787411677588 0 
0.0036391796875 1.8237054977752967 9.984287879330717 0 
0.00365869140625 1.8224368135331275 9.981707440294153 0 
0.003678203125 1.8211700887356614 9.973069294253815 0 
0.00369771484375 1.8193046712572751 9.965295230394482 0 
0.0037172265625000003 1.8180415355385426 9.962624651889142 0 
0.00373673828125 1.8167805724460728 9.95420420544296 0 
0.00375625 1.8155218070205776 9.947247083930739 0 
0.0037952734375 1.8130111454221403 9.942595822252947 0 
0.00381478515625 1.8117593184549265 9.933046429803108 0 
0.003834296875 1.810509797906655 9.92628255325843 0 
0.00385380859375 1.809262726855003 9.922955840224422 0 
0.0038733203125000002 1.8080181093270342 9.915172275150756 0 
0.00389283203125 1.806775994573361 9.91275883095189 0 
0.00391234375 1.8055363071724781 9.904407515307701 0 
0.0039513671875 1.8036704438835296 9.895205816844006 0 
0.003970878906249999 1.8024387893056435 9.89279428014274 0 
0.003990390625 1.8012097138064118 9.884632458815659 0 
0.00400990234375 1.7999833047836888 9.881995651853998 0 
0.0040294140625 1.7987595918761656 9.874248487798955 0 
0.0040489257812500005 1.7975385584813814 9.866482146399557 0 
0.0040684375 1.7963202747806797 9.86400985436 0 
0.0040879492187499995 1.7951047054450855 9.856757011803767 0 
0.0041074609375 1.793891892923083 9.853852271856736 0 
0.00412697265625 1.7926818692735986 9.847132784347137 0 
0.004146484375 1.791474693804731 9.843663982226598 0 
0.004165996093750001 1.7902703703356304 9.842333222800852 0 
0.0041855078125 1.7890688551878409 9.83354894578384 0 
0.00420501953125 1.7878702080700528 9.832487944229584 0 
0.00422453125 1.7866664826341139 9.823542486602344 0 
0.0042635546875 1.7847130205554718 9.814406175834641 0 
0.004283066406249999 1.7835260133092734 9.812675601335766 0 
0.0043025781249999995 1.7823419931810929 9.804664698833937 0 
0.0043416015625 1.7801915989930275 9.795468473726565 0 
0.0043611132812500005 1.779016451302435 9.792993820347043 0 
0.004380625 1.7775408916154638 9.78508945734457 0 
0.0044196484375 1.7758187264485636 9.782509075109312 0 
0.00443916015625 1.7746555834090187 9.77303077603751 0 
0.004458671875 1.7734954188079075 9.771652989754662 0 
0.004478183593750001 1.7723382536138106 9.763477396548002 0 
0.0044976953125 1.7711841988489823 9.756803089884201 0 
0.00453671875 1.7688851774446746 9.75225021311339 0 
0.0045757421875 1.767022749465333 9.74299986382808 0 
0.004595253906249999 1.7658839013684853 9.742017107113453 0 
0.0046147656249999995 1.7647480516341947 9.73302106263106 0 
0.00463427734375 1.7638254663823492 9.727132620928163 0 
0.0046537890625 1.7623904250748625 9.723236325599869 0 
0.0046928125 1.760757151210277 9.715633924298336 0 
0.0047318359375 1.7585190579853998 9.71243477713357 0 
0.00475134765625 1.7574046704706294 9.703023595113715 0 
0.004770859375 1.7562933581615776 9.69736825202775 0 
0.0048098828125 1.7546902384667291 9.692994930249803 0 
0.00482939453125 1.7534043747941925 9.68689595922372 0 
0.00484890625 1.7523052513398718 9.683016132468012 0 
0.0048879296875 1.750020666486541 9.673803092940151 0 
0.0049269531249999995 1.7484635811874087 9.672177424316883 0 
0.00494646484375 1.7473796075813737 9.663019262540503 0 
0.0049659765625 1.7462988349579094 9.656762279220466 0 
0.005005 1.7441464077239868 9.652886635104869 0 
0.0050440234375 1.7424343951896166 9.643590028674328 0 
0.005083046875 1.7405180962777227 9.635571521032531 0 
0.0051220703125 1.738716050404647 9.626633326256513 0 
0.00516109375 1.7366116259625999 9.62296837610538 0 
0.00518060546875 1.7355640210892276 9.617301539702423 0 
0.0052001171875000005 1.734519433244054 9.613057842837602 0 
0.005239140625 1.7328689611200874 9.606093386751793 0 
0.0052781640625 1.7310131341449886 9.596856323082681 0 
0.005317187500000001 1.7292717139449179 9.593010667698941 0 
0.0053562109375000005 1.7272265971084222 9.584615997175124 0 
0.005395234375 1.7251935072968505 9.582461214001968 0 
0.005434257812500001 1.7236031442147317 9.572975676563356 0 
0.005473281250000001 1.7218064951272902 9.56410696937479 0 
0.0055123046875000005 1.7201241990822451 9.562088072303979 0 
0.005551328125000001 1.7181371465070086 9.552894226122467 0 
0.005590351562500001 1.7161539445085345 9.543173829782015 0 
0.005629375000000001 1.7146298617442544 9.542472372743374 0 
0.0056683984375000005 1.7125803807962858 9.532781436357059 0 
0.005707421875 1.7112661112346708 9.524485532837176 0 
0.005746445312500001 1.709335616060436 9.52225513166367 0 
0.005785468750000001 1.7080363445160058 9.51301278655096 0 
0.0058244921875000005 1.7060677575610397 9.505319322997233 0 
0.005863515625000001 1.7045760639104057 9.502783816294334 0 
0.005902539062500001 1.7026893194146129 9.493149407061225 0 
0.005941562500000001 1.7008138032466982 9.48625895645546 0 
0.0059805859375000004 1.699383135786623 9.482980653535634 0 
0.006019609375 1.6974316615640699 9.474095268737434 0 
0.006058632812500001 1.696218284203576 9.472531781004854 0 
0.006097656250000001 1.6943851224359363 9.463096527724266 0 
0.0061366796875 1.6931853281435503 9.461851060198633 0 
0.006175703125000001 1.6914009105525034 9.453009642939689 0 
0.006214726562500001 1.6899180211089657 9.446955114215877 0 
0.006253750000000001 1.6881261618180987 9.442893736689282 0 
0.0062927734375 1.6863370056501632 9.434114562388846 0 
0.006331796875 1.6850094767223653 9.427349941464676 0 
0.006370820312500001 1.6831507202400526 9.423053173511816 0 
0.006409843750000001 1.6820319981835647 9.416743766371537 0 
0.006487890625000001 1.6789959447992726 9.411332758077394 0 
0.006565937500000001 1.6760981569069784 9.402180646609533 0 
0.0066049609375 1.6743954598114266 9.393011962524293 0 
0.006643984375 1.672695010622187 9.385723115872672 0 
0.006722031250000001 1.6703200763130004 9.382453622608212 0 
0.0067610546875 1.6686549449299188 9.373014720762683 0 
0.006800078125000001 1.6669996181117992 9.366038241489088 0 
0.006839101562500001 1.66579174452025 9.363018891164623 0 
0.0068781250000000006 1.6640565018597377 9.355850482207606 0 
0.006956171875 1.66144541235159 9.35242829420111 0 
0.006995195312500001 1.660463741953641 9.343834979405289 0 
0.0070342187500000005 1.658890461690519 9.342415728555164 0 
0.0070732421875 1.6576198211573956 9.334046052218286 0 
0.007112265625000001 1.6560358307446288 9.326823451314064 0 
0.0071903125000000005 1.6533343056494394 9.322423511407138 0 
0.007268359375 1.6507666047142422 9.313005642653803 0 
0.007307382812500001 1.649225687325069 9.305549381082361 0 
0.0073464062500000005 1.6481336396983939 9.303031664197128 0 
0.007424453125000001 1.6456336820565325 9.293888161508816 0 
0.007463476562500001 1.6441255329729485 9.286775431050447 0 
0.0075025000000000005 1.6426182628104233 9.283928350456208 0 
0.007580546875 1.6399928620031838 9.274993876264721 0 
0.0076585937500000005 1.637688645484071 9.27258506675978 0 
0.0076976171875 1.6366701753311192 9.26417695174912 0 
0.007736640625000001 1.6354361465069345 9.262808020345854 0 
0.007775664062500001 1.6343148995206016 9.256504534213308 0 
0.0078146875 1.6328776026640006 9.25304177712047 0 
0.007892734375 1.630468431789444 9.244085182790032 0 
0.00797078125 1.6281892088922836 9.23679118660915 0 
0.0080098046875 1.6267894506208067 9.23305215927783 0 
0.008048828125 1.6258398822051505 9.226571350497707 0 
0.008126875 1.623619956513081 9.223053908931483 0 
0.0081658984375 1.6222486674073628 9.222631183222877 0 
0.008204921875 1.6208850313822463 9.21308381253478 0 
0.008282968750000001 1.6185224632694857 9.205438112589215 0 
0.008361015625 1.6164865384457423 9.1964097962761 0 
0.0084390625 1.6142788395052365 9.19306997333648 0 
0.008517109375 1.6121985981027094 9.185536459129601 0 
0.00859515625 1.6100448763168067 9.176591553436594 0 
0.008673203125 1.608018174318142 9.17308440713213 0 
0.00875125 1.6054714269029182 9.164673231528422 0 
0.008829296875 1.6036153289618582 9.156545291837457 0 
0.008907343750000001 1.6014448846920704 9.153089688814081 0 
0.008985390625 1.5994190104824808 9.145996395596482 0 
0.0090634375 1.5975183890103113 9.142864661975432 0 
0.009102460937500001 1.5963035178606575 9.13711805160407 0 
0.009141484375 1.5950873964788097 9.133110046636295 0 
0.00921953125 1.5930413773328043 9.127270566444475 0 
0.009297578125 1.5913117095487384 9.123086193736953 0 
0.009375625 1.5894047375148859 9.115715238106402 0 
0.009453671875 1.5876215587570752 9.112899218080804 0 
0.009531718750000001 1.585305193571405 9.103269654711399 0 
0.009609765625 1.5833728670007365 9.102700803279244 0 
0.0096878125 1.581756039281412 9.093137836531167 0 
0.009765859375 1.5799598644309452 9.092684632225085 0 
0.00984390625 1.5782862684766654 9.083141782846157 0 
0.009921953125 1.5760840896439443 9.076717792324438 0 
0.01 1.5745720816398858 9.073122790226284 0 
