P M R nu
1e-07 0.00013529788910012988 0.6066468969234623 0 
6.960464417934418e-07 0.002398365976657647 1.5773382892667651 0 
1.2920928835868835e-06 0.0058600898162936834 2.1186659140356228 0 
1.8881393253803254e-06 0.010007918174754337 2.525669314196659 0 
2.484185767173767e-06 0.014611920760529093 2.857745842129332 0 
3.080232208967209e-06 0.019531757232420306 3.1399176549636194 0 
3.676278650760651e-06 0.02467162960675911 3.3856614290705846 0 
4.272325092554092e-06 0.029994030569769736 3.6045876160579478 0 
4.868371534347534e-06 0.03548012858176505 3.8031881348586527 0 
5.4644179761409765e-06 0.04108392908810721 3.984690679132199 0 
6.060464417934418e-06 0.046770289991657485 4.151604863570458 0 
6.656510859727859e-06 0.05251125414601683 4.305907523699225 0 
7.252557301521301e-06 0.0582841509097689 4.449183686145233 0 
7.848603743314743e-06 0.06407038538598131 4.582725916971605 0 
8.444650185108185e-06 0.06985459046285808 4.707604228124255 0 
9.040696626901626e-06 0.07562400381145228 4.824716132181366 0 
9.636743068695068e-06 0.08136799509593395 4.934823190342491 0 
1.023278951048851e-05 0.0870776954829532 5.0385780969711496 0 
1.082883595228195e-05 0.09274570581241945 5.13654524663852 0 
1.1424882394075393e-05 0.09836586589647932 5.229216697401624 0 
1.2020928835868835e-05 0.1039330524787403 5.317024116324374 0 
1.2616975277662277e-05 0.10944303041903487 5.400348845880893 0 
1.3213021719455719e-05 0.11489232292571946 5.479529733760881 0 
1.3809068161249161e-05 0.12027809099905405 5.554869035767726 0 
1.4405114603042603e-05 0.12559805267221155 5.626637968516795 0 
1.5001161044836045e-05 0.13085040206870782 5.69508084053218 0 
1.5597207486629488e-05 0.13603835372398476 5.760477519906621 0 
1.678930037021637e-05 0.14637020396873981 5.884846810918182 0 
1.7981393253803253e-05 0.15664297011620787 6.00164493979423 0 
1.9173486137390137e-05 0.1668249773970967 6.111440838357014 0 
2.036557902097702e-05 0.17689355080483715 6.214768679881975 0 
2.1557671904563905e-05 0.1868318939103787 6.3121220892583985 0 
2.2749764788150786e-05 0.1966274680734097 6.403953289981825 0 
2.394185767173767e-05 0.2062709303290988 6.490673758020096 0 
2.5133950555324555e-05 0.21575546388981573 6.57265833666154 0 
2.6326043438911436e-05 0.22507620708362755 6.650247396927216 0 
2.751813632249832e-05 0.23422990913612482 6.723751045924085 0 
2.8710229206085204e-05 0.24322828249049766 6.793560793962921 0 
2.990232208967209e-05 0.25216148420206835 6.860665371926507 0 
3.109441497325897e-05 0.26103636173434275 6.9253362436201815 0 
3.3478600740432734e-05 0.27857562524522883 7.047785221083872 0 
3.58627865076065e-05 0.2957913860037844 7.161679591860087 0 
3.824697227478027e-05 0.31264769798969555 7.267729928368837 0 
4.063115804195404e-05 0.3291211327730183 7.366587642363126 0 
4.301534380912781e-05 0.3452408106574153 7.459109661193868 0 
4.539952957630157e-05 0.3611492941434676 7.546745313545153 0 
4.778371534347534e-05 0.37683378711242793 7.629888253054767 0 
5.016790111064911e-05 0.3922734254157417 7.70880221613934 0 
5.255208687782287e-05 0.4074531457392414 7.783735195574815 0 
5.493627264499664e-05 0.4223622372944654 7.854920668968662 0 
5.7320458412170406e-05 0.43702696730948937 7.92274333932401 0 
5.9704644179344174e-05 0.45150756515201756 7.987734291667258 0 
6.208882994651794e-05 0.4657940909438753 8.050044156224375 0 
6.685720148086547e-05 0.49375022589176265 8.16711860519908 0 
7.1625573015213e-05 0.5208618789188305 8.274964047095436 0 
7.639394454956054e-05 0.5472575187831491 8.375072885350932 0 
8.116231608390808e-05 0.5729449745249323 8.468260185427592 0 
8.593068761825561e-05 0.5979060098140063 8.555081630765729 0 
9.069905915260314e-05 0.6222116203379341 8.636331795216918 0 
9.546743068695067e-05 0.6458847723379728 8.712554933126833 0 
0.00010023580222129821 0.6689181099625546 8.784105467499982 0 
0.00010500417375564574 0.6913442695649759 8.851418548927866 0 
0.00010977254528999327 0.7131994441450302 8.914904400709203 0 
0.00011454091682434081 0.7344840504866712 8.974813793857843 0 
0.00012407765989303588 0.7754137061251006 9.084957932172063 0 
0.00013361440296173093 0.8142870580460722 9.18377128236897 0 
0.000143151146030426 0.8512223171470897 9.272727309180686 0 
0.00015268788909912108 0.8863310377105873 9.35305243234389 0 
0.00016222463216781615 0.9197293568649114 9.425790246120306 0 
0.00017176137523651123 0.9515081559580153 9.491782729983852 0 
0.00018129811830520627 0.9817711870675241 9.5517863456419 0 
0.00019083486137390135 1.0105979744419282 9.60641365212133 0 
0.00020990834751129147 1.0642828186889093 9.701682087460997 0 
0.00022898183364868162 1.11315913476472 9.781164078117328 0 
0.00024805531978607176 1.1577483742737282 9.847620931720966 0 
0.0002671288059234619 1.1985065048350598 9.903221571777639 0 
0.00030527577819824215 1.2700779531619446 9.988447135376944 0 
0.0003434227504730224 1.3305184931159082 10.047137750340088 0 
0.0003815697227478027 1.381880864391147 10.086266914163879 0 
0.0004578636672973633 1.4634630868587626 10.123998817461091 0 
0.0006104515563964844 1.568539217047643 10.107177508932057 0 
0.0007630394454956054 1.6207295175891994 10.027735562161412 0 
0.0009156273345947265 1.6409112779850925 9.922895463335395 0 
0.0010682152236938477 1.643425946678102 9.812094224498393 0 
0.0012208031127929687 1.6368443271760487 9.703700909852195 0 
0.0013733910018920896 1.6257848197296223 9.600566560259757 0 
0.0015259788909912108 1.612619497853393 9.503367277489714 0 
0.001678566780090332 1.598574511341876 9.412012998228054 0 
0.0018311546691894532 1.584299897480524 9.3261649829396 0 
0.0019837425582885744 1.5701460618855074 9.245404136389011 0 
0.002136330447387695 1.5563028051008863 9.16931977063192 0 
0.0022889183364868163 1.5428697903054143 9.097519180879742 0 
0.0024415062255859375 1.529894970300153 9.029645572420444 0 
0.0025940941146850587 1.517396120136892 8.965372739370892 0 
0.00274668200378418 1.5053734934200194 8.904411760737652 0 
0.003051857781982422 1.482710520444614 8.791401220456653 0 
0.0033570335601806637 1.4617704884998821 8.688820137206134 0 
0.003662209338378906 1.4423900491105313 8.595216513718151 0 
0.0039673851165771485 1.4244082651846335 8.509398354397199 0 
0.004272560894775391 1.4076773544009529 8.430386391909897 0 
0.004577736672973632 1.3920659302690677 8.357362255395776 0 
0.004882912451171875 1.3774582049249735 8.289639630716358 0 
0.005493264007568359 1.350862970172262 8.167861775137851 0 
0.006103615563964843 1.327227449618898 8.061336368397512 0 
0.006713967120361328 1.3060420445650092 7.967296059880208 0 
0.007324318676757813 1.2869109547492577 7.8836242017223945 0 
0.007934670233154298 1.2695159365507838 7.808644186050677 0 
0.008545021789550782 1.2536095851700997 7.741049816669324 0 
0.00976572490234375 1.2255277193450993 7.624214752874373 0 
0.010986428015136718 1.2014410328895475 7.526844218897496 0 
0.012207131127929687 1.1804944590925008 7.444552113238835 0 
0.013427834240722657 1.1620824922850417 7.374275077885866 0 
0.014648537353515626 1.1457406737522853 7.313678138440608 0 
0.01708994357910156 1.1179755162013876 7.215076209847063 0 
0.0195313498046875 1.0952310674765833 7.139040254324693 0 
0.024414162255859375 1.0601688287200635 7.032231294960318 0 
0.02929697470703125 1.0344699426150599 6.964340638783592 0 
0.039062599609375 0.9997799843895954 6.893339264424508 0 
0.07812509921875 0.9487174687836701 6.898331821539156 0 
0.11718759882812499 0.9411978689931978 6.999996162379937 0 
0.15625009843749998 0.945307939870146 7.102581615376689 0 
0.19531259804687498 0.9531887852716507 7.192506785100888 0 
0.23437509765624998 0.9621530740148234 7.26898502010995 0 
0.31250009687499997 0.9797487122877596 7.388634319358508 0 
0.39062509609374996 0.995227931638184 7.475738356130725 0 
0.4687500953125 1.0083570501493015 7.540654370701653 0 
0.62500009375 1.0287635625969322 7.6284012661985505 0 
0.937500090625 1.0543488726049977 7.717211340613176 0 
1.2500000875 1.0688692393969277 7.755115382019886 0 
2.500000075 1.089156282470874 7.773738358537715 0 
5.00000005 1.0912805804181436 7.72549292379559 0 
10.0 1.0825431934464593 7.654654033405408 0 
