P M R nu
1e-07 0.07027568381005554 14.19308240668234 0 
7.10345458984375e-07 0.427882344145473 23.496884580419028 0 
1.32069091796875e-06 0.5876956089281562 24.816268538572043 0 
1.931036376953125e-06 0.6751710976246703 25.100961596818 0 
2.5413818359375e-06 0.728541576774958 25.07832332319479 0 
3.151727294921875e-06 0.7629496477986482 24.940649561342077 0 
3.7620727539062504e-06 0.7857089020206585 24.757424218946298 0 
4.372418212890625e-06 0.8008267673386551 24.558221692736982 0 
4.982763671875e-06 0.8106993215658556 24.356871734175733 0 
5.593109130859376e-06 0.8168541754116231 24.160167306811736 0 
6.20345458984375e-06 0.8203144911134399 23.971468867087225 0 
6.813800048828125e-06 0.8217928315184906 23.792349991287928 0 
7.4241455078125e-06 0.8218012218323221 23.623402704502094 0 
8.034490966796875e-06 0.8207168388096784 23.46465059544208 0 
8.64483642578125e-06 0.8188227833782062 23.3157686416237 0 
9.255181884765626e-06 0.8163342117931595 23.176205146477347 0 
9.86552734375e-06 0.8134155447711502 23.04525140282191 0 
1.0475872802734373e-05 0.8101922182455065 22.922089591315203 0 
1.1086218261718749e-05 0.8067590886178723 22.8058337001698 0 
1.1696563720703124e-05 0.8031868880552484 22.69556820064026 0 
1.23069091796875e-05 0.7995275173190413 22.59038821795815 0 
1.2917254638671875e-05 0.79581853770792 22.489436788489243 0 
1.352760009765625e-05 0.7920869844383936 22.3919321677382 0 
1.4137945556640626e-05 0.7883524388976382 22.297187856772805 0 
1.4748291015625001e-05 0.7846293951217402 22.2046179559458 0 
1.5358636474609376e-05 0.7809289468763598 22.11373425189285 0 
1.596898193359375e-05 0.7772599510338446 22.02413989373517 0 
1.6579327392578124e-05 0.7736297727003546 21.93551626891636 0 
1.71896728515625e-05 0.7700447573731303 21.84761276620779 0 
1.7800018310546875e-05 0.7665105214557207 21.760234576394353 0 
1.841036376953125e-05 0.7630321222884594 21.673232666169156 0 
1.9020709228515625e-05 0.75961416723536 21.58649522434429 0 
1.96310546875e-05 0.7562608701210763 21.49994126092312 0 
2.0241400146484376e-05 0.7529760930035552 21.413513738566746 0 
2.085174560546875e-05 0.7497633723769696 21.32717503765967 0 
2.1462091064453127e-05 0.7466259381109526 21.240904051146146 0 
2.2072436523437502e-05 0.743566722918508 21.154691691198828 0 
2.2682781982421877e-05 0.7405883793579164 21.06853879990542 0 
2.3293127441406253e-05 0.7376932907276159 20.982454791357462 0 
2.3903472900390625e-05 0.7348835766260734 20.896455327181386 0 
2.4513818359375e-05 0.7321611096382076 20.81056093504171 0 
2.5124163818359376e-05 0.7295275251091463 20.724796272637064 0 
2.5734509277343747e-05 0.7269842217796468 20.639188538075317 0 
2.6344854736328123e-05 0.7245323840090307 20.553767028503312 0 
2.6955200195312498e-05 0.7221729891250318 20.468563467867007 0 
2.7565545654296874e-05 0.7199068126693964 20.383609791940017 0 
2.817589111328125e-05 0.7177344484543384 20.29893912262431 0 
2.8786236572265624e-05 0.715656298734579 20.2145840103015 0 
2.939658203125e-05 0.7136726048620312 20.13057742116782 0 
3.0006927490234375e-05 0.7117834503162379 20.046952274799143 0 
3.061727294921875e-05 0.7099887642218045 19.963740735920695 0 
3.122761840820312e-05 0.7082883375225165 19.880973469395197 0 
3.1837963867187494e-05 0.7066818259887404 19.79868142666895 0 
3.2448309326171866e-05 0.7051687627048788 19.716893262646945 0 
3.3058654785156245e-05 0.7037485713106819 19.635638129096492 0 
3.3669000244140624e-05 0.7024205599560434 19.554942584148215 0 
3.4279345703124996e-05 0.7011839467249698 19.474832364165074 0 
3.488969116210937e-05 0.7000378479091262 19.395332053493046 0 
3.5500036621093747e-05 0.6989813046688566 19.31646470713025 0 
3.6110382080078125e-05 0.6980132826128227 19.238252522444476 0 
3.67207275390625e-05 0.697132669092762 19.1607155280402 0 
3.733107299804687e-05 0.6963382908432116 19.083873176392174 0 
3.794141845703125e-05 0.695628926858618 19.007742424915566 0 
3.855176391601563e-05 0.6950032914036995 18.932340329611726 0 
3.9162109375e-05 0.694460061092109 18.85768138556591 0 
3.977245483398437e-05 0.6939978784514631 18.78377977015625 0 
4.038280029296875e-05 0.6936153293395317 18.710647047758773 0 
4.099314575195313e-05 0.6933110022029774 18.638295056966697 0 
4.16034912109375e-05 0.6930834330848703 18.566733126623408 0 
4.221383666992187e-05 0.6929311485579852 18.495970294437676 0 
4.282418212890625e-05 0.6928526639671894 18.426013825042645 0 
4.343452758789063e-05 0.6928464586201456 18.35687005570734 0 
4.4044873046875e-05 0.6929110396881484 18.288544812519476 0 
4.4655218505859374e-05 0.6930448773634038 18.221041611856602 0 
4.526556396484375e-05 0.6932464406240622 18.154364325800472 0 
4.587590942382813e-05 0.6935142292731591 18.088514819357663 0 
4.64862548828125e-05 0.6938467051742361 18.023494862945945 0 
4.7096600341796875e-05 0.694242361440843 17.959305221163337 0 
4.770694580078125e-05 0.6946996980807983 17.895944960946505 0 
4.831729125976562e-05 0.6952172068079291 17.833413746798236 0 
4.892763671875e-05 0.6957934118644917 17.77170967243577 0 
4.953798217773438e-05 0.6964268345134381 17.71083019651096 0 
5.014832763671875e-05 0.6971160266828088 17.650772441755027 0 
5.075867309570312e-05 0.6978595452261259 17.59153273660244 0 
5.136901855468749e-05 0.6986559692130628 17.53310678038649 0 
5.1979364013671865e-05 0.6995038905827313 17.47548982840078 0 
5.258970947265624e-05 0.7004019246758895 17.418676749653397 0 
5.320005493164062e-05 0.7013487106742794 17.362661340020896 0 
5.3810400390624994e-05 0.7023429080204101 17.307438055534465 0 
5.4420745849609366e-05 0.7033831888384281 17.25300039803141 0 
5.5031091308593745e-05 0.7044682719492293 17.19934160062082 0 
5.5641436767578124e-05 0.7055968735566878 17.14645347073041 0 
5.6251782226562495e-05 0.7067677376449986 17.09432996479692 0 
5.686212768554687e-05 0.7079796405998195 17.0429619859053 0 
5.7472473144531246e-05 0.7092313906855501 16.99234250789603 0 
5.8082818603515625e-05 0.7105218009322603 16.942463046313325 0 
5.86931640625e-05 0.711849709656843 16.89331519830385 0 
5.930350952148437e-05 0.7132139969584629 16.844890409630466 0 
5.991385498046875e-05 0.7146135470001006 16.797179405407274 0 
6.0524200439453126e-05 0.7160472926389343 16.75017420348942 0 
6.11345458984375e-05 0.7175141677223483 16.70386573689038 0 
6.174489135742187e-05 0.7190131360015379 16.658244131993452 0 
6.235523681640624e-05 0.7205431888750823 16.61330106444528 0 
6.296558227539061e-05 0.7221033465568778 16.569027425103556 0 
6.357592773437499e-05 0.7236926387669514 16.525412937347888 0 
6.418627319335936e-05 0.7253101281169628 16.482449252657577 0 
6.479661865234373e-05 0.7269548951028392 16.440126890801338 0 
6.54069641113281e-05 0.7286260413078421 16.398436766906663 0 
6.601730957031249e-05 0.730322704781751 16.357369030947762 0 
6.662765502929687e-05 0.7320440394520304 16.316915136577318 0 
6.723800048828125e-05 0.7337891962465212 16.27706538181382 0 
6.784834594726562e-05 0.7355573710475174 16.2378107541294 0 
6.845869140624999e-05 0.7373477732758328 16.19914241569189 0 
6.906903686523436e-05 0.7391596461460184 16.1610499092615 0 
6.967938232421873e-05 0.7409922373317787 16.123525684883912 0 
7.02897277832031e-05 0.7428448257327941 16.086560017090626 0 
7.090007324218749e-05 0.7447167014808381 16.050144530590003 0 
7.151041870117188e-05 0.7466071453227101 16.01427024791422 0 
7.212076416015625e-05 0.7485155221341089 15.978928140151375 0 
7.273110961914062e-05 0.7504411559067469 15.944109368412846 0 
7.334145507812499e-05 0.7523834123028441 15.909805376925611 0 
7.395180053710936e-05 0.7543416692265308 15.876008146227674 0 
7.456214599609374e-05 0.7563153383260424 15.84270924153675 0 
7.517249145507811e-05 0.7583038162502194 15.80990021062143 0 
7.57828369140625e-05 0.7603065309668658 15.777572668962167 0 
7.639318237304688e-05 0.762322936831868 15.74571906293559 0 
7.700352783203125e-05 0.7643525008193114 15.714331366623917 0 
7.761387329101562e-05 0.766394681301213 15.68340082911546 0 
7.822421875e-05 0.7684489589877758 15.652920322083704 0 
7.883456420898437e-05 0.7705148465365259 15.62288219474654 0 
7.944490966796874e-05 0.7725918767619789 15.593279227265416 0 
8.005525512695311e-05 0.7746795593878726 15.56410380464379 0 
8.06656005859375e-05 0.776777436642382 15.535347844951593 0 
8.127594604492188e-05 0.7788850801755 15.507004776031792 0 
8.188629150390625e-05 0.7810020368600371 15.479068494504672 0 
8.249663696289063e-05 0.7831278985838755 15.451529631097168 0 
8.3106982421875e-05 0.7852622492714739 15.424383544988153 0 
8.371732788085937e-05 0.7874046970142351 15.397621761574419 0 
8.432767333984374e-05 0.7895548526443219 15.371239302652633 0 
8.493801879882811e-05 0.7917123557392843 15.345228768412957 0 
8.55483642578125e-05 0.7938767978721184 15.319583380961536 0 
8.615870971679689e-05 0.7960478794066174 15.294297531866686 0 
8.676905517578126e-05 0.7982252127801538 15.269364398306873 0 
8.798974609375e-05 0.8025973665443068 15.22053237069322 0 
8.921043701171874e-05 0.8069906657804212 15.173040739646773 0 
9.04311279296875e-05 0.811402719745324 15.12684300505476 0 
9.165181884765626e-05 0.8158311941863114 15.081895124446879 0 
9.2872509765625e-05 0.8202739404143126 15.03815394661002 0 
9.409320068359375e-05 0.8247289090240881 14.995578647970941 0 
9.531389160156249e-05 0.8291941685004729 14.954129583031774 0 
9.653458251953124e-05 0.8336678701878516 14.913767287567614 0 
9.77552734375e-05 0.8381482971652757 14.874456100352724 0 
9.897596435546875e-05 0.8426338331471392 14.836159559563606 0 
0.0001001966552734375 0.8471229376425343 14.798845062399156 0 
0.00010141734619140624 0.8516141264978927 14.762477233969602 0 
0.00010263803710937498 0.8561060605218673 14.72702612404718 0 
0.00010385872802734373 0.8605974312180734 14.69246105653539 0 
0.00010507941894531248 0.8650870224120483 14.658752531850888 0 
0.00010630010986328124 0.8695736609495988 14.625870925176258 0 
0.00010752080078124999 0.8740562905417865 14.59379099621766 0 
0.00010874149169921873 0.8785338722268348 14.562484789627781 0 
0.00010996218261718749 0.8830054223949821 14.531927965052734 0 
0.00011118287353515624 0.8874700408325975 14.5020960305538 0 
0.00011240356445312499 0.8919268689814849 14.472965620015271 0 
0.00011362425537109373 0.8963750814332915 14.44451430904974 0 
0.00011484494628906249 0.900813924540673 14.416719047637047 0 
0.00011606563720703125 0.9052426844139512 14.389561410001889 0 
0.00011728632812499999 0.9096606721751245 14.363018770483112 0 
0.00011850701904296874 0.9140672453844431 14.337072808610266 0 
0.00011972770996093749 0.9184618229846172 14.311705501109591 0 
0.000122169091796875 0.9272127032052409 14.262632397122806 0 
0.00012461047363281248 0.9359091954364664 14.215663549619512 0 
0.00012705185546874997 0.9445476796596379 14.170671783564565 0 
0.00012949323730468746 0.9531249421473451 14.127539261787748 0 
0.00013193461914062497 0.9616381958201657 14.086157182792052 0 
0.0001343760009765625 0.9700849996062256 14.046422956981214 0 
0.00013681738281249998 0.9784632318277927 14.008242194662008 0 
0.00013925876464843746 0.9867710400660177 13.97152564594804 0 
0.00014170014648437498 0.9950068909893199 13.936191384156375 0 
0.0001441415283203125 1.0031694391521766 13.902162626213908 0 
0.00014658291015624998 1.0112575462040867 13.869367888010535 0 
0.00014902429199218747 1.0192702963018239 13.837737826226117 0 
0.00015146567382812498 1.027206939640764 13.807212053621699 0 
0.0001539070556640625 1.0350668696888148 13.777731628135422 0 
0.0001563484375 1.042849641134854 13.749242196860607 0 
0.00015878981933593748 1.05055492076156 13.721689196900002 0 
0.000161231201171875 1.0581824977564476 13.695027742436844 0 
0.0001636725830078125 1.0657322593201175 13.669211630578653 0 
0.00016611396484375 1.073204198421511 13.644197194361336 0 
0.000170996728515625 1.08791497058515 13.596418457965656 0 
0.0001758794921875 1.1023162410823522 13.551402808876452 0 
0.000180762255859375 1.1164104966259207 13.508892352814073 0 
0.00018564501953125 1.1302009456191233 13.468655858676144 0 
0.00019052778320312498 1.143691512907091 13.430490938145706 0 
0.00019541054687499998 1.1568866062722944 13.394218795755933 0 
0.000200293310546875 1.1697910296729843 13.359673495770277 0 
0.00020517607421874996 1.1824099084864133 13.326711078013382 0 
0.00021005883789062497 1.194746662236175 13.295207707597939 0 
0.00021494160156249997 1.2067949353584728 13.265063421608994 0 
0.00021982436523437497 1.218551031955391 13.236178485220902 0 
0.00022470712890624997 1.2300154047324654 13.208457348960287 0 
0.00022958989257812498 1.2411903213948552 13.1818068263298 0 
0.00023447265624999998 1.2520791796604558 13.156143944770248 0 
0.00023935541992187498 1.262686241378804 13.131393121058158 0 
0.00024423818359375 1.2730162256348292 13.107481989093797 0 
0.0002540037109375 1.2928662586719561 13.061935710190609 0 
0.00026376923828125 1.3116739553397225 13.019061347890517 0 
0.000273534765625 1.3294863552612535 12.978486899780327 0 
0.00028330029296875 1.346351180402331 12.939909385162501 0 
0.0002930658203125 1.362315832871849 12.903074242488456 0 
0.00030283134765624997 1.3774267125460462 12.867767473770932 0 
0.000312596875 1.391728693089772 12.833812260089125 0 
0.00032236240234375 1.4052649742181524 12.801055049634316 0 
0.00033212792968749993 1.4180768465322828 12.769372244925558 0 
0.00034189345703124994 1.4302036311076236 12.738651738689338 0 
0.00035165898437499994 1.441682681117237 12.708805158614329 0 
0.00036142451171874995 1.4525493430948038 12.679750901954119 0 
0.00037119003906249995 1.4628370539431692 12.651423620812265 0 
0.00038095556640624996 1.472577405340338 12.623764882251166 0 
0.00039072109374999997 1.4818001692227891 12.596721616224414 0 
0.00040048662109374997 1.4905334394105256 12.570253431450261 0 
0.0004102521484375 1.4988036383571386 12.544321541756998 0 
0.00042001767578125 1.5066356995015426 12.518889826135217 0 
0.000429783203125 1.5140530497550289 12.49392861831359 0 
0.00043954873046875 1.5210777767878008 12.46941415065158 0 
0.0004493142578125 1.527730673207028 12.445320322505774 0 
0.0004688453125 1.5399980713219428 12.39831900423551 0 
0.0004883763671875 1.5509985085785245 12.352783437718008 0 
0.0005079074218749999 1.5608590370611164 12.308598315455411 0 
0.0005274384765624999 1.5696925810163769 12.265664011773675 0 
0.00054696953125 1.5775995363319553 12.223903014035967 0 
0.0005665005859375 1.584669380226182 12.183241775214766 0 
0.000586031640625 1.5909818209429818 12.143622872168136 0 
0.0006055626953125 1.5966081597622954 12.104991765523128 0 
0.00062509375 1.6016121479751295 12.06729835375117 0 
0.0006446248046875 1.6060509183852956 12.030504290974276 0 
0.000664155859375 1.6099757822081706 11.994569923572225 0 
0.0006836869140625 1.6134328215206255 11.959455852228075 0 
0.00070321796875 1.616463547001214 11.9251292442482 0 
0.0007227490234375001 1.6191053680671346 11.89156094061611 0 
0.0007422800781250001 1.62139208362515 11.858724005442975 0 
0.0007618111328125 1.6233542433109425 11.826585400598116 0 
0.0007813421875 1.625019495577317 11.795127274033087 0 
0.0008008732421875 1.6264129339520497 11.764321023341799 0 
0.0008204042968749999 1.6275573183321808 11.734143250279573 0 
0.0008399353515624999 1.6284733318427782 11.704573436717421 0 
0.0008594664062499999 1.6291798016587882 11.675589518390966 0 
0.0008789974609374999 1.6296938965181993 11.64717324548949 0 
0.0008985285156249999 1.6300312578219576 11.61931054333004 0 
0.0009180595703125 1.6302061742759693 11.591972892263493 0 
0.000937590625 1.6302317009795946 11.565152292798025 0 
0.0009571216796875 1.6301197843008497 11.538829027966557 0 
0.000976652734375 1.6298813715172793 11.512984372413676 0 
0.0009961837890625001 1.6295265379723733 11.487607607661868 0 
0.00101571484375 1.6290644296366572 11.4626846070056 0 
0.001054776953125 1.6278516721908758 11.414141936214135 0 
0.0010938390625 1.6263029601943801 11.367243342727845 0 
0.001132901171875 1.6244690327931826 11.321903673905037 0 
0.0011719632812500001 1.6223930460939067 11.278028842477768 0 
0.001211025390625 1.620111845127372 11.235538990882507 0 
0.0012500875 1.6176568732273506 11.194357769628473 0 
0.001289149609375 1.6150551686759531 11.15441360123077 0 
0.0013282117187499998 1.6123299631467467 11.115641657681063 0 
0.0013672738281249998 1.6095012267708795 11.077983245477425 0 
0.0014063359374999998 1.606586153977062 11.041382550251564 0 
0.0014453980468749998 1.6035998242847747 11.005786675274695 0 
0.0014844601562499999 1.6005549517293634 10.97114570406556 0 
0.0015235222656249999 1.5974629707474646 10.937415669658614 0 
0.001562584375 1.5943333700267885 10.904556388979746 0 
0.001601646484375 1.5911748953201952 10.872523005571729 0 
0.00164070859375 1.5879946135594745 10.84128196011188 0 
0.001679770703125 1.584799266396979 10.810799479766839 0 
0.0017188328125 1.5815940437133653 10.781039853105801 0 
0.001757894921875 1.5783842933260954 10.751976681953302 0 
0.00179695703125 1.5751738026486537 10.723578515942947 0 
0.001836019140625 1.5719665169799326 10.695816779452386 0 
0.00187508125 1.5687658085430296 10.66867331247061 0 
0.0019141433593750001 1.5655740121437827 10.642113079752898 0 
0.00195320546875 1.562394059326493 10.616122433537662 0 
0.001992267578125 1.5592279533367461 10.590679334097532 0 
0.0020313296874999998 1.5560771514212957 10.56575937147145 0 
0.00210945390625 1.5498290548143698 10.517422944692042 0 
0.002187578125 1.5436593094057383 10.470971721137866 0 
0.00226570234375 1.5375763016105584 10.426282947639482 0 
0.0023438265625 1.531584506008657 10.383236938534953 0 
0.00242195078125 1.5256884378375393 10.341737878551465 0 
0.002500075 1.5198895003802928 10.301682548969044 0 
0.00257819921875 1.5141901305052874 10.262995485100836 0 
0.0026563234375 1.5085894607043988 10.225588518420157 0 
0.00273444765625 1.5030887667525508 10.18940100773124 0 
0.0028125718750000002 1.4976863406330017 10.154356274251416 0 
0.0028906960937500003 1.4923813740606062 10.120393101233581 0 
0.0029688203125000003 1.4871735216380615 10.087469070755066 0 
0.00304694453125 1.4820597506593192 10.0555221154432 0 
0.00312506875 1.4770390784879874 10.024504456525746 0 
0.00320319296875 1.4721104571474948 9.99437772465259 0 
0.0032813171874999996 1.467270660990852 9.965091251755851 0 
0.0033594414062499997 1.4625180091764955 9.93660665332453 0 
0.0034375656249999997 1.4578513351598827 9.908903029036894 0 
0.0035156898437499998 1.4532684035012853 9.881931291755128 0 
0.0035938140625 1.4487661866688004 9.855663269760907 0 
0.00367193828125 1.4443433719336267 9.8300681701949 0 
0.0037500625 1.4399985416174816 9.80512685116257 0 
0.0039063109375 1.4315335332707104 9.757078670754442 0 
0.004062559375 1.4233548190366425 9.711323642891086 0 
0.0042188078125 1.4154499639826066 9.66769857202395 0 
0.00437505625 1.4078027073106398 9.626038676644875 0 
0.0045313046875 1.4004019690325977 9.586215172659896 0 
0.0046875531250000005 1.3932353899941718 9.54810675339038 0 
0.0048438015625 1.3862898414109173 9.51158950502853 0 
0.00500005 1.3795561301678574 9.476569401471178 0 
0.0051562984375 1.3730242199103988 9.442960086293793 0 
0.005312546874999999 1.3666828465446927 9.410662912530157 0 
0.005468795312499999 1.3605239512607334 9.379608454884012 0 
0.005625043749999999 1.3545399882376172 9.349725737418767 0 
0.005781292187499999 1.34872237455059 9.320949345402598 0 
0.0059375406249999995 1.343062687846463 9.293213922419538 0 
0.0060937890625 1.3375547253160411 9.266464481292374 0 
0.0062500375 1.3321924817173385 9.24065676661651 0 
0.0064062859375 1.326969854689822 9.215742273916073 0 
0.006562534375 1.3218797480747884 9.191668158437624 0 
0.00687503125 1.3120766054483963 9.145887053869567 0 
0.007187528125 1.3027453050928934 9.1030292785183 0 
0.0075000250000000004 1.293848160701368 9.06282661073277 0 
0.007812521875 1.285352410864763 9.025046826642567 0 
0.00812501875 1.2772307240437148 8.989494309019742 0 
0.008437515625000001 1.2694564489713693 8.95598510509604 0 
0.008750012500000001 1.2620044970773583 8.924359847885123 0 
0.009062509375000001 1.2548545336187027 8.894471512826609 0 
0.009375006250000002 1.2479878432878153 8.866195565163864 0 
0.009687503125 1.2413862409522602 8.839425369121097 0 
0.01 1.2350324073029868 8.814039017905104 0 
