P M R nu
1e-07 0.011808549845456302 5.701905437331225 0 
6.960464417934418e-07 0.14575651296629508 12.744291960953728 0 
1.2920928835868835e-06 0.27348924165623745 15.32949412884793 0 
1.8881393253803254e-06 0.37668449038533786 16.712571362913 0 
2.484185767173767e-06 0.4607580961751403 17.56731753449393 0 
3.080232208967209e-06 0.5296741429423918 18.130318550639746 0 
3.676278650760651e-06 0.5864842968751868 18.51236572773951 0 
4.272325092554092e-06 0.6342854461373316 18.78006671190172 0 
4.868371534347534e-06 0.67501216824941 18.970652494783995 0 
5.4644179761409765e-06 0.7099036216573924 19.105822682452235 0 
6.060464417934418e-06 0.7399614708289545 19.20022651149637 0 
7.252557301521301e-06 0.7888973809691404 19.305815160104164 0 
9.636743068695068e-06 0.8567248927517485 19.333273644070616 0 
1.2020928835868835e-05 0.8997040497816702 19.246248988623076 0 
1.3213021719455719e-05 0.9153839255322999 19.183429755311796 0 
1.4405114603042603e-05 0.9282378313017349 19.11385209044532 0 
1.5597207486629488e-05 0.9388071868362362 19.040174467396103 0 
1.678930037021637e-05 0.9475217663784569 18.96415623006089 0 
1.7981393253803253e-05 0.9548475401109842 18.886744598338247 0 
1.9173486137390137e-05 0.9610667901672478 18.80908339932474 0 
2.036557902097702e-05 0.9663512922797776 18.73191276727731 0 
2.1557671904563905e-05 0.970836096688861 18.65568695578428 0 
2.2749764788150786e-05 0.9746313939961796 18.58069482879348 0 
2.394185767173767e-05 0.9778287975682205 18.507119987955694 0 
2.5133950555324555e-05 0.9805053170829913 18.43507523997195 0 
2.6326043438911436e-05 0.9827647642795462 18.364137045836554 0 
2.751813632249832e-05 0.9847763754085764 18.293655658944417 0 
2.8710229206085204e-05 0.9865996939161243 18.22408662459408 0 
2.990232208967209e-05 0.9882644232856702 18.155693226218098 0 
3.109441497325897e-05 0.9897897234270062 18.088624498553482 0 
3.2286507856845854e-05 0.991189174905434 18.02296251300817 0 
3.3478600740432734e-05 0.9924731034890877 17.958746773020483 0 
3.58627865076065e-05 0.9947260099804183 17.834679946377648 0 
3.824697227478027e-05 0.9966289335224248 17.715696892082583 0 
4.063115804195404e-05 0.9984753177109248 17.598735265208617 0 
4.301534380912781e-05 1.0004007213571524 17.484587115579714 0 
4.539952957630157e-05 1.0024246823040126 17.37394565851738 0 
4.778371534347534e-05 1.0045386254923678 17.26712001802126 0 
5.016790111064911e-05 1.0067247671366657 17.16418687542505 0 
5.255208687782287e-05 1.0090440832516883 17.063760916529 0 
5.493627264499664e-05 1.0115683603851482 16.965547676196394 0 
5.7320458412170406e-05 1.0142980738608691 16.86996328206151 0 
5.9704644179344174e-05 1.0172182495618338 16.777224493344924 0 
6.208882994651794e-05 1.020307980885913 16.687432313253737 0 
6.44730157136917e-05 1.023552719901964 16.60046508398402 0 
6.685720148086547e-05 1.0269884115657781 16.51566137899083 0 
6.924138724803924e-05 1.0306165864572434 16.433120824142673 0 
7.1625573015213e-05 1.0344228760386698 16.352954981647443 0 
7.400975878238677e-05 1.038389637565006 16.275210710947018 0 
7.639394454956054e-05 1.0424982731343124 16.199893404066657 0 
7.877813031673432e-05 1.0467392348425597 16.126867054055307 0 
8.116231608390808e-05 1.0511268768768287 16.055832636320392 0 
8.354650185108184e-05 1.0556517754078998 15.986820866129712 0 
8.593068761825561e-05 1.0603001188987293 15.919841523766431 0 
8.831487338542938e-05 1.0650576443247148 15.8548801333551 0 
9.069905915260314e-05 1.0699102545759116 15.791905411704974 0 
9.546743068695067e-05 1.0798800005426716 15.671471875119769 0 
0.00010023580222129821 1.0901836123370277 15.557827359778791 0 
0.00010500417375564574 1.1007404085811723 15.450743147308629 0 
0.00010977254528999327 1.1114860646526907 15.349789294967525 0 
0.00011454091682434081 1.1223989411599036 15.254381312761328 0 
0.00011930928835868835 1.133424286107901 15.16423617433682 0 
0.00012407765989303588 1.1445120991179252 15.079025730185139 0 
0.0001288460314273834 1.1556452881769805 14.998294511852777 0 
0.00013361440296173093 1.1667911895774818 14.921760909208421 0 
0.00013838277449607848 1.1779140747968395 14.849166439830686 0 
0.000143151146030426 1.188996467159896 14.780188472356963 0 
0.00014791951756477353 1.2000237213079554 14.71455827273518 0 
0.00015268788909912108 1.2109726281735318 14.652069329416813 0 
0.00016222463216781615 1.2325766299198229 14.53562642772192 0 
0.00017176137523651123 1.2537239248920484 14.429263499991166 0 
0.00018129811830520627 1.274342074632291 14.331664603779252 0 
0.00019083486137390135 1.2943863363278743 14.241703537535283 0 
0.00020037160444259642 1.3138276659235921 14.158413064707013 0 
0.00020990834751129147 1.3326466752686779 14.080987287831993 0 
0.00021944509057998654 1.350838407734352 14.00871856217722 0 
0.00022898183364868162 1.3684002021170625 13.941019840955764 0 
0.0002385185767173767 1.3853398992532155 13.877369826402344 0 
0.00024805531978607176 1.4016651987016147 13.817334795472728 0 
0.0002671288059234619 1.432529798939678 13.706624165250268 0 
0.000286202292060852 1.461118936880122 13.606401579510047 0 
0.00030527577819824215 1.4875747731028413 13.514776827798105 0 
0.0003243492643356323 1.5120450222233026 13.430295406265053 0 
0.0003434227504730224 1.5346756542597528 13.351821314162626 0 
0.00036249623661041254 1.555606653682113 13.278456808586482 0 
0.0003815697227478027 1.5749705426573644 13.209489301189976 0 
0.00040064320888519284 1.5928902547768224 13.144338184421947 0 
0.000419716695022583 1.6094799001097986 13.082533485865644 0 
0.0004578636672973633 1.6390800419938187 12.967482208759403 0 
0.0004960106395721436 1.6645102867799095 12.861943487293157 0 
0.0005341576118469238 1.6863869154772069 12.764222628994721 0 
0.0005723045841217041 1.7051241104659454 12.673310064516725 0 
0.0006104515563964844 1.7209170609028135 12.588659297678632 0 
0.0006485985286712647 1.7339963321019467 12.509587861842897 0 
0.000686745500946045 1.7446295895698618 12.435450899213523 0 
0.0007248924732208251 1.753086740662333 12.365713795152287 0 
0.0007630394454956054 1.7596229959381136 12.299939117683238 0 
0.0008393333900451659 1.7678634252885381 12.178902783067562 0 
0.0009156273345947265 1.77101943610748 12.069991122953809 0 
0.000991921279144287 1.7704482035813234 11.971320220708101 0 
0.0010682152236938477 1.767211544296034 11.88127389623787 0 
0.001144509168243408 1.7621090768927976 11.798459501969935 0 
0.0012208031127929687 1.7557249782249904 11.721722560510784 0 
0.0012970970573425293 1.7484774074905591 11.650123200600778 0 
0.0013733910018920896 1.7406630315202343 11.582910590809796 0 
0.0015259788909912108 1.724116758361725 11.45940758791159 0 
0.001678566780090332 1.7071446413204356 11.347753162204317 0 
0.0018311546691894532 1.6902893185534076 11.245659151728761 0 
0.0019837425582885744 1.6738298804209775 11.15153379364502 0 
0.002136330447387695 1.657904809658401 11.064205223419183 0 
0.0022889183364868163 1.642576579287404 10.98277981198484 0 
0.0024415062255859375 1.6278653967021617 10.90655774115401 0 
0.0025940941146850587 1.61376683064239 10.834961645379389 0 
0.00274668200378418 1.6002638027619702 10.767521908085337 0 
0.0028992698928833006 1.587331929090131 10.703838964265675 0 
0.003051857781982422 1.5749436092124134 10.643569466095414 0 
0.0033570335601806637 1.5516822486254211 10.532137175352235 0 
0.003662209338378906 1.5302542025097585 10.431287959966149 0 
0.0039673851165771485 1.5104519554834757 10.33949971826455 0 
0.004272560894775391 1.492092151998036 10.25555625282723 0 
0.004577736672973632 1.4750151225585355 10.178471754997842 0 
0.004882912451171875 1.4590828993832248 10.107426611415628 0 
0.005188088229370117 1.4441758693823994 10.04173197058793 0 
0.005493264007568359 1.4301910354741383 9.980817211718215 0 
0.006103615563964843 1.4046393165133002 9.871396477497317 0 
0.006713967120361328 1.3818385206613288 9.775977408662774 0 
0.007324318676757813 1.3613341802676808 9.692138566899 0 
0.007934670233154298 1.3427636559900757 9.617969440750944 0 
0.008545021789550782 1.325844333311228 9.551978056341007 0 
0.00976572490234375 1.2961291364185092 9.440233624863795 0 
0.010986428015136718 1.2708127134500098 9.34984706802961 0 
0.012207131127929687 1.248935506064642 9.275878051599399 0 
0.014648537353515626 1.2129585774479912 9.164257480687843 0 
0.01708994357910156 1.184547559915816 9.086918088132872 0 
0.0195313498046875 1.1615346956132908 9.033078331309692 0 
0.039062599609375 1.0690683446582536 8.957031994965213 0 
0.058593849414062496 1.0383944307468136 9.063347539575991 0 
0.06835947431640624 1.0315568806889772 9.12816947488393 0 
0.07812509921875 1.0277803462914654 9.19310607226553 0 
0.09765634902343749 1.0258077642044332 9.31585017794249 0 
0.11718759882812499 1.0280265727686608 9.425049721097459 0 
0.13671884863281247 1.0323738823491693 9.520348964450582 0 
0.15625009843749998 1.0377929518018787 9.603086709669235 0 
0.1757813482421875 1.0437066327000617 9.674941124118181 0 
0.19531259804687498 1.049787975302644 9.737514804245318 0 
0.23437509765624998 1.061776701665591 9.840194094209936 0 
0.273437597265625 1.0730211577626427 9.919863486212094 0 
0.31250009687499997 1.0833099273484572 9.98261838946793 0 
0.39062509609374996 1.1010365491488017 10.073110877122252 0 
0.4687500953125 1.1154619537202806 10.133026355569287 0 
0.62500009375 1.1369849384424706 10.202007380695425 0 
1.2500000875 1.176193262396844 10.255924319271664 0 
2.500000075 1.193017860600217 10.202104754391506 0 
5.00000005 1.1914688670107711 10.10470841412654 0 
10.0 1.1800468874457881 10.011718992420848 0 
