P M R nu
1e-07 3.179545081340282e-05 0.29396963804281284 0 
6.960464417934418e-07 0.0005797724117596678 0.7734386336801887 0 
1.2920928835868835e-06 0.0014560934105027708 1.050903542996208 0 
1.8881393253803254e-06 0.002554236904274023 1.2669140823522052 0 
2.484185767173767e-06 0.0038279006986522697 1.449243007263725 0 
3.080232208967209e-06 0.005248642959107632 1.6094029008049175 0 
3.676278650760651e-06 0.00679648709564698 1.7535006511699236 0 
4.272325092554092e-06 0.008456310998870441 1.8852428133905519 0 
4.868371534347534e-06 0.010216224248147667 2.0070903045070554 0 
5.4644179761409765e-06 0.012068465318394003 2.1208962353373004 0 
6.060464417934418e-06 0.014005355611299161 2.2279337885490142 0 
6.656510859727859e-06 0.016019748839412706 2.3291369242781164 0 
7.252557301521301e-06 0.01810547335765746 2.4252413663752783 0 
7.848603743314743e-06 0.020257108742552956 2.516838299407666 0 
8.444650185108185e-06 0.02246983798174615 2.6044111664207708 0 
9.040696626901626e-06 0.024739339787315143 2.6883613014252594 0 
9.636743068695068e-06 0.027061708508766838 2.7690263072049337 0 
1.023278951048851e-05 0.02943339282713176 2.8466935208391226 0 
1.082883595228195e-05 0.03185114381541018 2.921609863734517 0 
1.1424882394075393e-05 0.03431197744521851 2.993989549306987 0 
1.2020928835868835e-05 0.03681313936033722 3.0640197812704573 0 
1.2616975277662277e-05 0.03935208010736012 3.1318654387057836 0 
1.3213021719455719e-05 0.041926431313135656 3.1976726264594504 0 
1.3809068161249161e-05 0.04453398663331827 3.2615715753075847 0 
1.4405114603042603e-05 0.04717268478579011 3.323678953933841 0 
1.5597207486629488e-05 0.052535913278645895 3.4429293162327093 0 
1.678930037021637e-05 0.05800205466362091 3.556151537028667 0 
1.7981393253803253e-05 0.06355864605739872 3.6639498959678742 0 
1.9173486137390137e-05 0.06919457943793558 3.7668331473139114 0 
2.036557902097702e-05 0.07490584576438349 3.8653388827578934 0 
2.1557671904563905e-05 0.08068805478326338 3.9599076117563303 0 
2.2749764788150786e-05 0.08653240990829714 4.050833845767329 0 
2.394185767173767e-05 0.09243113531075293 4.1383796566631 0 
2.5133950555324555e-05 0.09837722845296915 4.222778145781269 0 
2.6326043438911436e-05 0.10436433972824333 4.30423762948711 0 
2.751813632249832e-05 0.11038668022955575 4.382944938832202 0 
2.8710229206085204e-05 0.11643895491766929 4.459068404008883 0 
2.990232208967209e-05 0.12251630561758577 4.532760206035793 0 
3.109441497325897e-05 0.1286142676426061 4.604158620236547 0 
3.2286507856845854e-05 0.13472872922008702 4.673389632742014 0 
3.3478600740432734e-05 0.1408558931982383 4.740568304642174 0 
3.467069362401962e-05 0.14699306254373276 4.805808977075269 0 
3.58627865076065e-05 0.15314251421151434 4.869267247971211 0 
3.824697227478027e-05 0.16546785834080263 4.991190277142157 0 
4.063115804195404e-05 0.17780874545676334 5.106933773485203 0 
4.301534380912781e-05 0.19014481105227857 5.217009693774081 0 
4.539952957630157e-05 0.20245865067040347 5.32186827762225 0 
4.778371534347534e-05 0.21473526159933637 5.421907022466146 0 
5.016790111064911e-05 0.22696213821486907 5.517482468577715 0 
5.255208687782287e-05 0.23914054734764878 5.6090065495964 0 
5.493627264499664e-05 0.25126488748012454 5.696787845831789 0 
5.7320458412170406e-05 0.2633252831251719 5.781061705270718 0 
5.9704644179344174e-05 0.2753133066448468 5.862042710927 0 
6.208882994651794e-05 0.28722170666261115 5.939926787876761 0 
6.44730157136917e-05 0.299044210131808 6.014893114980825 0 
6.685720148086547e-05 0.31077682187368977 6.087114946074285 0 
6.924138724803924e-05 0.32242371009784915 6.156798449554317 0 
7.1625573015213e-05 0.33398153763757205 6.224084945148425 0 
7.400975878238677e-05 0.3454460740648141 6.289095404273529 0 
7.639394454956054e-05 0.356813737777717 6.351942336725336 0 
8.116231608390808e-05 0.3792467827175284 6.471557478025865 0 
8.593068761825561e-05 0.40127057924884146 6.583733844978225 0 
9.069905915260314e-05 0.42289102866185857 6.689230040936907 0 
9.546743068695067e-05 0.44409698186385393 6.788605810808378 0 
0.00010023580222129821 0.46488109214946594 6.882354242858104 0 
0.00010500417375564574 0.4852519823635964 6.970972507533857 0 
0.00010977254528999327 0.5052135138631693 7.054875854461849 0 
0.00011454091682434081 0.5247643596318582 7.134403969413029 0 
0.00011930928835868835 0.5439066602228945 7.20986949669437 0 
0.00012407765989303588 0.5626527443952344 7.281591262897214 0 
0.0001288460314273834 0.581007096896782 7.3498245594273905 0 
0.00013361440296173093 0.5989732202841576 7.414793633520772 0 
0.00013838277449607848 0.6165573341728287 7.476709557920685 0 
0.000143151146030426 0.6337713029583076 7.535784875022275 0 
0.00015268788909912108 0.6671114684967079 7.64608480672102 0 
0.00016222463216781615 0.6990490636321502 7.746924693754896 0 
0.00017176137523651123 0.7296494470938516 7.839377079873425 0 
0.00018129811830520627 0.7589692315660004 7.924328934168502 0 
0.00019083486137390135 0.7870713094577955 8.002565920872467 0 
0.00020037160444259642 0.8140096829365484 8.074745903653678 0 
0.00020990834751129147 0.8398430665916904 8.141460997259223 0 
0.00021944509057998654 0.8646215112333285 8.203211792506563 0 
0.00022898183364868162 0.8883985523499413 8.260453701080563 0 
0.00024805531978607176 0.9331343058938553 8.36293614213901 0 
0.0002671288059234619 0.9744090695696928 8.451576180170516 0 
0.000286202292060852 1.0125454848907611 8.528504763282989 0 
0.00030527577819824215 1.0478327893975583 8.595445794034765 0 
0.0003243492643356323 1.0805298669344003 8.65380992092754 0 
0.0003434227504730224 1.1108681316441176 8.704762903223045 0 
0.0003815697227478027 1.165276787190839 8.788170416616374 0 
0.000419716695022583 1.2124745138126654 8.851757584356797 0 
0.0004578636672973633 1.2536024432662392 8.89993156009125 0 
0.0005341576118469238 1.3204420940618853 8.96113379052687 0 
0.0006104515563964844 1.3696440211358376 8.986769179650075 0 
0.0009156273345947265 1.456245623656035 8.90901831731889 0 
0.0010682152236938477 1.4649000427192027 8.828180245980633 0 
0.0012208031127929687 1.4640125048914818 8.74194014870868 0 
0.0013733910018920896 1.4581619393733947 8.655974854935847 0 
0.0015259788909912108 1.449732260397872 8.572640061829702 0 
0.001678566780090332 1.4399929621214418 8.492855034695372 0 
0.0018311546691894532 1.429644552350014 8.416903598574272 0 
0.0019837425582885744 1.4190849834846813 8.344776042604714 0 
0.002136330447387695 1.4085452296181857 8.27633143356588 0 
0.0022889183364868163 1.398160108364327 8.21137143580174 0 
0.0024415062255859375 1.3880073198227323 8.149677935869201 0 
0.00274668200378418 1.3685495107476138 8.035220842956997 0 
0.003051857781982422 1.350304296355589 7.931328656151393 0 
0.0033570335601806637 1.3332548493066785 7.836583199761386 0 
0.003662209338378906 1.3173280582976898 7.749786664178654 0 
0.0039673851165771485 1.3024331959663638 7.669934242230255 0 
0.004272560894775391 1.2884777127977305 7.596181566675427 0 
0.004577736672973632 1.2753744853286495 7.527817542035323 0 
0.004882912451171875 1.2630441940980537 7.46423985857793 0 
0.005493264007568359 1.2404249732918764 7.349464090429355 0 
0.006103615563964843 1.220139621175476 7.248551517599423 0 
0.006713967120361328 1.201809999153019 7.159024471745132 0 
0.007324318676757813 1.1851368356391512 7.078982193897279 0 
0.007934670233154298 1.1698748259670009 7.006902429761339 0 
0.008545021789550782 1.1558347049736684 6.941618984131221 0 
0.00976572490234375 1.130841612456399 6.827978994271272 0 
0.010986428015136718 1.1091826129567368 6.732331134420612 0 
0.012207131127929687 1.090174190362455 6.650691185299181 0 
0.013427834240722657 1.0733233687382586 6.580251253289897 0 
0.014648537353515626 1.0582493717909733 6.518872159468056 0 
0.01708994357910156 1.0323621979118656 6.417375730013255 0 
0.0195313498046875 1.0108675850163669 6.337251637212956 0 
0.024414162255859375 0.9771230818997274 6.2203366691446815 0 
0.02929697470703125 0.951796527013155 6.141199723899691 0 
0.039062599609375 0.9164383923516832 6.0473272830398015 0 
0.07812509921875 0.8579255957992489 5.977843997292431 0 
0.11718759882812499 0.8429871730166943 6.031706184953876 0 
0.15625009843749998 0.8410903779449943 6.10341631178128 0 
0.19531259804687498 0.8442251053776059 6.172931054556097 0 
0.23437509765624998 0.8494346663752551 6.2356838082008945 0 
0.31250009687499997 0.8616358057191484 6.339705101805231 0 
0.39062509609374996 0.8735829457741393 6.419811793908397 0 
0.4687500953125 0.8843396315385934 6.48210131769144 0 
0.62500009375 0.9020077435631122 6.570529964632976 0 
0.937500090625 0.9257457019328248 6.667669852465306 0 
1.2500000875 0.9401707307787763 6.714589884412342 0 
2.500000075 0.9629256552510568 6.757518770634637 0 
5.00000005 0.9690367653329587 6.729235534449576 0 
10.0 0.9638619923509478 6.670061982122163 0 
