P M R nu
1e-07 1.8158227771791355e-05 0.22214469348009863 0 
6.960464417934418e-07 0.0003321160093628482 0.5851915368452304 0 
1.2920928835868835e-06 0.0008366355093965735 0.7961048756715653 0 
1.8881393253803254e-06 0.0014720213789992309 0.9609182045896248 0 
2.484185767173767e-06 0.0022126395787846333 1.1005478080164266 0 
3.080232208967209e-06 0.0030428839785483406 1.2236509930667863 0 
3.676278650760651e-06 0.003951869336559964 1.3348131768800209 0 
4.272325092554092e-06 0.0049313996630431095 1.436813255103741 0 
4.868371534347534e-06 0.005974990490005503 1.5314873214495106 0 
5.4644179761409765e-06 0.007077329924441157 1.62012427465596 0 
6.060464417934418e-06 0.008233953049003588 1.7036704898724764 0 
6.656510859727859e-06 0.009441031663985343 1.7828454120294557 0 
7.252557301521301e-06 0.010695231433212077 1.858211328527552 0 
7.848603743314743e-06 0.011993610849737706 1.930217745927743 0 
8.444650185108185e-06 0.013333547413206368 1.9992308339191465 0 
9.040696626901626e-06 0.014712764312396306 2.0655576196167673 0 
9.636743068695068e-06 0.01612927003138163 2.129458652787251 0 
1.082883595228195e-05 0.019066485275348263 2.2508100792349026 0 
1.2020928835868835e-05 0.02213138540998507 2.364668365661785 0 
1.3213021719455719e-05 0.025312167599292654 2.4720857861602727 0 
1.4405114603042603e-05 0.02859857909865483 2.5738852148267397 0 
1.5597207486629488e-05 0.03198160249847236 2.670724903313878 0 
1.678930037021637e-05 0.035453226929696983 2.7631414728738837 0 
1.7981393253803253e-05 0.03900627668707785 2.8515794571173463 0 
1.9173486137390137e-05 0.04263427933199869 2.9364121937305203 0 
2.036557902097702e-05 0.04633136216767807 3.017956977734825 0 
2.1557671904563905e-05 0.05009216921624581 3.096486281133715 0 
2.2749764788150786e-05 0.05391179444048617 3.1722362499936003 0 
2.394185767173767e-05 0.05778572644232368 3.24541321574751 0 
2.5133950555324555e-05 0.06170980256825856 3.3161987752844224 0 
2.6326043438911436e-05 0.0656803060269671 3.3847561605855576 0 
2.751813632249832e-05 0.0696943908161439 3.4512409648518103 0 
2.8710229206085204e-05 0.07374878217528327 3.5157813764840284 0 
3.109441497325897e-05 0.08196613904308829 3.639473702669273 0 
3.3478600740432734e-05 0.09030972144992565 3.7566235615916606 0 
3.58627865076065e-05 0.09875969006762889 3.8678887556020016 0 
3.824697227478027e-05 0.10729854286793784 3.973823783902352 0 
4.063115804195404e-05 0.11591075587083884 4.074901425518547 0 
4.301534380912781e-05 0.1245825018541589 4.171528899169064 0 
4.539952957630157e-05 0.13330250764854323 4.264071780010183 0 
4.778371534347534e-05 0.14206152981862274 4.352858538647317 0 
5.016790111064911e-05 0.15084940996206017 4.438158042022454 0 
5.255208687782287e-05 0.15965701645553226 4.520209250289208 0 
5.493627264499664e-05 0.16847612942652346 4.599225867589297 0 
5.7320458412170406e-05 0.17729933133457387 4.675399955556444 0 
5.9704644179344174e-05 0.18611991536286046 4.748904867504773 0 
6.208882994651794e-05 0.1949318432860426 4.819898012347851 0 
6.44730157136917e-05 0.20373111436448785 4.888534381787431 0 
6.685720148086547e-05 0.2125133979695743 4.954949203547901 0 
6.924138724803924e-05 0.22127401495933413 5.019259993239631 0 
7.1625573015213e-05 0.23000874188821524 5.081574920377362 0 
7.639394454956054e-05 0.24738559643849817 5.2006090541589085 0 
8.116231608390808e-05 0.264617552159768 5.3127651740049515 0 
8.593068761825561e-05 0.2816870206223243 5.418685228944142 0 
9.069905915260314e-05 0.298578102468946 5.518914693832436 0 
9.546743068695067e-05 0.3152756921303597 5.613915988655381 0 
0.00010023580222129821 0.3317676281701666 5.704097717063045 0 
0.00010500417375564574 0.3480469413810255 5.78983781790528 0 
0.00010977254528999327 0.3641077143350857 5.871469153742024 0 
0.00011454091682434081 0.37994355695540577 5.949278553482144 0 
0.00011930928835868835 0.3955496558110141 6.023524590408253 0 
0.00012407765989303588 0.41092390190643097 6.094447887293967 0 
0.0001288460314273834 0.42606592795828163 6.162270371441472 0 
0.00013361440296173093 0.4409740141539119 6.227183668844869 0 
0.00013838277449607848 0.455647287293874 6.289362833105706 0 
0.000143151146030426 0.470086022617657 6.348970105050178 0 
0.00015268788909912108 0.49826808036684106 6.461071754946607 0 
0.00016222463216781615 0.5255311114542055 6.564540016579285 0 
0.00017176137523651123 0.5518937971623498 6.660279937880763 0 
0.00018129811830520627 0.5773777523821095 6.749067835844936 0 
0.00019083486137390135 0.6020060069938732 6.831571208661374 0 
0.00020037160444259642 0.6258056353351249 6.9083804742134145 0 
0.00020990834751129147 0.6488016139468354 6.980002811335585 0 
0.00021944509057998654 0.6710224042308562 7.046894665557702 0 
0.00022898183364868162 0.6924941484703977 7.109452960324919 0 
0.00024805531978607176 0.7332989940834668 7.222956523425588 0 
0.0002671288059234619 0.7714256217196118 7.322930228093767 0 
0.000286202292060852 0.8070734516487925 7.411326927104399 0 
0.00030527577819824215 0.8404293379014636 7.4897435312555025 0 
0.0003243492643356323 0.8716667318794402 7.5594998133703015 0 
0.0003434227504730224 0.900945473912786 7.6216964248173085 0 
0.0003815697227478027 0.954204382605503 7.726977424634403 0 
0.000419716695022583 1.0011016418602507 7.811150817447619 0 
0.0004578636672973633 1.0420904375452498 7.8776422563688735 0 
0.0005341576118469238 1.10847544938312 7.968527399940666 0 
0.0006104515563964844 1.1577778028936119 8.017881000882774 0 
0.0009156273345947265 1.2511285554498506 8.006258158000243 0 
0.0010682152236938477 1.2654107813654047 7.948854673419039 0 
0.0012208031127929687 1.2704913780627758 7.882011936349064 0 
0.0013733910018920896 1.2704770440260371 7.812421542098936 0 
0.0015259788909912108 1.2675579566131223 7.743178492200987 0 
0.001678566780090332 1.2629472838079179 7.675723925510925 0 
0.0018311546691894532 1.2573466272335967 7.610710561747633 0 
0.002136330447387695 1.2447007271352692 7.488825099667885 0 
0.0024415062255859375 1.2314283132499195 7.37767905469287 0 
0.00274668200378418 1.2182674849568287 7.2763798879796635 0 
0.003051857781982422 1.2055276085234048 7.183830159885591 0 
0.0033570335601806637 1.193330737876838 7.098979678584088 0 
0.003662209338378906 1.1817124890662287 7.02089497734851 0 
0.0039673851165771485 1.1706680196190506 6.948769271758469 0 
0.004272560894775391 1.1601737989068548 6.881912009171957 0 
0.004882912451171875 1.140707710266937 6.7617271912621195 0 
0.005493264007568359 1.1230469242306038 6.656556820556856 0 
0.006103615563964843 1.1069431445553637 6.563587838500413 0 
0.006713967120361328 1.0921831818893644 6.480687045031302 0 
0.007324318676757813 1.0785893324390505 6.40621001288331 0 
0.007934670233154298 1.0660080886624148 6.338824970212514 0 
0.008545021789550782 1.054321311955355 6.27752669853025 0 
0.00976572490234375 1.0332488308618835 6.170141496912416 0 
0.010986428015136718 1.0147070774708877 6.078973982287686 0 
0.012207131127929687 0.9982224450874891 6.0005135180254765 0 
0.013427834240722657 0.9834396420263133 5.932252269665557 0 
0.014648537353515626 0.9700798031072413 5.872282457279288 0 
0.01708994357910156 0.946827639524622 5.771907863820333 0 
0.0195313498046875 0.927209849325324 5.691324428141487 0 
0.024414162255859375 0.8957859627974832 5.570681635711545 0 
0.02929697470703125 0.8716218014919854 5.4857875005704635 0 
0.039062599609375 0.8368061488343216 5.378072019680977 0 
0.058593849414062496 0.7959036243131209 5.282660657758074 0 
0.07812509921875 0.7735435230178115 5.255150622081198 0 
0.15625009843749998 0.7450046122527647 5.314321255405669 0 
0.23437509765624998 0.7449174121540598 5.412740991209628 0 
0.31250009687499997 0.7512940995510616 5.498553272451521 0 
0.39062509609374996 0.7591514791525246 5.568576627581195 0 
0.4687500953125 0.7669785484788321 5.625307047454762 0 
0.62500009375 0.7809397294341835 5.709546857587427 0 
0.937500090625 0.8015046624443751 5.808616890262941 0 
1.2500000875 0.8150518234555892 5.860812617549408 0 
2.500000075 0.8391500681295451 5.922335443866397 0 
5.00000005 0.8490481504697692 5.912286335778863 0 
10.0 0.84775285608395 5.865599171054376 0 
