sigma muu mud mue nu nd ne P epsilon
93.0 200.0 200.0 0.0 -2.697284320780721e-17 -2.697284320780721e-17 -1.0052185159850069e-25 0.0 -1.0789137283122889e-17 
93.0 201.60320641282564 201.60320641282564 0.0 -2.6453527801704466e-17 -2.6453527801704466e-17 -1.0052185159850069e-25 0.0 -1.0666232051508899e-17 
93.0 203.2064128256513 203.2064128256513 0.0 -2.5933483060279535e-17 -2.5933483060279535e-17 -1.0052185159850069e-25 0.0 -1.0539700129508399e-17 
93.0 204.80961923847696 204.80961923847696 0.0 -2.541281355262662e-17 -2.541281355262662e-17 -1.0052185159850069e-25 0.0 -1.0409577334983734e-17 
93.0 206.4128256513026 206.4128256513026 0.0 -2.4891626067608212e-17 -2.4891626067608212e-17 -1.0052185159850069e-25 0.0 -1.027590174334127e-17 
93.0 208.01603206412827 208.01603206412827 0.0 -2.437002969019836e-17 -2.437002969019836e-17 -1.0052185159850069e-25 0.0 -1.0138713754880124e-17 
93.0 209.6192384769539 209.6192384769539 0.0 -2.384813588219848e-17 -2.384813588219848e-17 -1.0052185159850069e-25 0.0 -9.998056165442734e-18 
93.0 211.22244488977955 211.22244488977955 0.0 -2.332605856765964e-17 -2.332605856765964e-17 -1.0052185159850069e-25 0.0 -9.853974240606521e-18 
93.0 212.82565130260522 212.82565130260522 0.0 -2.280391422337907e-17 -2.280391422337907e-17 -1.0052185159850069e-25 0.0 -9.70651579367879e-18 
93.0 214.42885771543087 214.42885771543087 0.0 -2.2281821974872697e-17 -2.2281821974872697e-17 -1.0052185159850069e-25 0.0 -9.55573126778108e-18 
93.0 216.0320641282565 216.0320641282565 0.0 -2.1759903698268878e-17 -2.1759903698268878e-17 -1.0052185159850069e-25 0.0 -9.40167382233822e-18 
93.0 217.63527054108215 217.63527054108215 0.0 -2.123828412860955e-17 -2.123828412860955e-17 -1.0052185159850069e-25 0.0 -9.244399424316624e-18 
93.0 219.23847695390782 219.23847695390782 0.0 -2.0717090975101576e-17 -2.0717090975101576e-17 -1.0052185159850069e-25 0.0 -9.08396694459364e-18 
93.0 220.84168336673346 220.84168336673346 0.0 -2.0196455043912824e-17 -2.0196455043912824e-17 -1.0052185159850069e-25 0.0 -8.920438259876529e-18 
93.0 222.4448897795591 222.4448897795591 0.0 -1.9676510369176362e-17 -1.9676510369176362e-17 -1.0052185159850069e-25 0.0 -8.753878360635577e-18 
93.0 224.04809619238478 224.04809619238478 0.0 -1.9157394352937832e-17 -1.9157394352937832e-17 -1.0052185159850069e-25 0.0 -8.584355465564932e-18 
93.0 225.65130260521042 225.65130260521042 0.0 -1.8639247914864008e-17 -1.8639247914864008e-17 -1.0052185159850069e-25 0.0 -8.411941143141035e-18 
93.0 227.25450901803606 227.25450901803606 0.0 -1.8122215652626618e-17 -1.8122215652626618e-17 -1.0052185159850069e-25 0.0 -8.236710440913263e-18 
93.0 228.85771543086173 228.85771543086173 0.0 -1.7606446013981686e-17 -1.7606446013981686e-17 -1.0052185159850069e-25 0.0 -8.058742023233301e-18 
93.0 230.46092184368737 230.46092184368737 0.0 -1.709209148169015e-17 -1.709209148169015e-17 -1.0052185159850069e-25 0.0 -7.878118318213897e-18 
93.0 232.06412825651302 232.06412825651302 0.0 -1.657930877256477e-17 -1.657930877256477e-17 -1.0052185159850069e-25 0.0 -7.694925674801606e-18 
93.0 233.6673346693387 233.6673346693387 0.0 -1.6068259052094155e-17 -1.6068259052094155e-17 -1.0052185159850069e-25 0.0 -7.509254530958632e-18 
93.0 235.27054108216433 235.27054108216433 0.0 -1.5559108166280432e-17 -1.5559108166280432e-17 -1.0052185159850069e-25 0.0 -7.321199594073441e-18 
93.0 236.87374749498997 236.87374749498997 0.0 -1.5052026892546357e-17 -1.5052026892546357e-17 -1.0052185159850069e-25 0.0 -7.130860034865651e-18 
93.0 238.47695390781564 238.47695390781564 0.0 -1.454719121182039e-17 -1.454719121182039e-17 -1.0052185159850069e-25 0.0 -6.938339696218945e-18 
93.0 240.08016032064128 240.08016032064128 0.0 -1.404478260420378e-17 -1.404478260420378e-17 -1.0052185159850069e-25 0.0 -6.743747318571596e-18 
93.0 241.68336673346693 241.68336673346693 0.0 -1.3544988370969826e-17 -1.3544988370969826e-17 -1.0052185159850069e-25 0.0 -6.547196783723293e-18 
93.0 243.2865731462926 243.2865731462926 0.0 -1.3048001986050595e-17 -1.3048001986050595e-17 -1.0052185159850069e-25 0.0 -6.34880737918454e-18 
93.0 244.88977955911824 244.88977955911824 0.0 -1.2554023480649225e-17 -1.2554023480649225e-17 -1.0052185159850069e-25 0.0 -6.148704085512368e-18 
93.0 246.49298597194388 246.49298597194388 0.0 -1.2063259865181142e-17 -1.2063259865181142e-17 -1.0052185159850069e-25 0.0 -5.9470178894480194e-18 
93.0 248.09619238476955 248.09619238476955 0.0 -1.1575925593429431e-17 -1.1575925593429431e-17 -1.0052185159850069e-25 0.0 -5.743886126118493e-18 
93.0 249.6993987975952 249.6993987975952 0.0 -1.1092243074609376e-17 -1.1092243074609376e-17 -1.0052185159850069e-25 0.0 -5.539452854093502e-18 
93.0 251.30260521042084 251.30260521042084 0.0 -1.0612443240014626e-17 -1.0612443240014626e-17 -1.0052185159850069e-25 0.0 -5.333869267726792e-18 
93.0 252.9058116232465 252.9058116232465 0.0 -1.0136766172100885e-17 -1.0136766172100885e-17 -1.0052185159850069e-25 0.0 -5.12729415198049e-18 
93.0 254.50901803607215 254.50901803607215 0.0 -9.665461805304229e-18 -9.665461805304229e-18 -1.0052185159850069e-25 0.0 -4.919894385866282e-18 
93.0 256.1122244488978 256.1122244488978 0.0 -9.19879070965348e-18 -9.19879070965348e-18 -1.0052185159850069e-25 0.0 -4.711845501778417e-18 
93.0 257.71543086172346 257.71543086172346 0.0 -8.737024970416102e-18 -8.737024970416102e-18 -1.0052185159850069e-25 0.0 -4.503332309400846e-18 
93.0 259.3186372745491 259.3186372745491 0.0 -8.280449179719285e-18 -8.280449179719285e-18 -1.0052185159850069e-25 0.0 -4.294549594611927e-18 
93.0 260.92184368737475 260.92184368737475 0.0 -7.829361559475695e-18 -7.829361559475695e-18 -1.0052185159850069e-25 0.0 -4.085702905986917e-18 
93.0 262.5250501002004 262.5250501002004 0.0 -7.384075239216502e-18 -7.384075239216502e-18 -1.0052185159850069e-25 0.0 -3.8770094442379235e-18 
93.0 264.12825651302603 264.12825651302603 0.0 -6.944919717878544e-18 -6.944919717878544e-18 -1.0052185159850069e-25 0.0 -3.668699073412394e-18 
93.0 265.7314629258517 265.7314629258517 0.0 -6.512242545590972e-18 -6.512242545590972e-18 -1.0052185159850069e-25 0.0 -3.4610154771357238e-18 
93.0 267.3346693386774 267.3346693386774 0.0 -6.086411270599475e-18 -6.086411270599475e-18 -1.0052185159850069e-25 0.0 -3.2542174889698213e-18 
93.0 268.93787575150304 268.93787575150304 0.0 -5.6678157084117265e-18 -5.6678157084117265e-18 -1.0052185159850069e-25 0.0 -3.048580633542501e-18 
93.0 270.54108216432866 270.54108216432866 0.0 -5.256870606135156e-18 -5.256870606135156e-18 -1.0052185159850069e-25 0.0 -2.8443989251633114e-18 
93.0 272.1442885771543 272.1442885771543 0.0 -4.854018796392976e-18 -4.854018796392976e-18 -1.0052185159850069e-25 0.0 -2.641986984169004e-18 
93.0 273.74749498997994 273.74749498997994 0.0 -4.45973496449832e-18 -4.45973496449832e-18 -1.0052185159850069e-25 0.0 -2.4416825497012853e-18 
93.0 275.3507014028056 275.3507014028056 0.0 -4.074530193293841e-18 -4.074530193293841e-18 -1.0052185159850069e-25 0.0 -2.2438494932207374e-18 
93.0 276.9539078156313 276.9539078156313 0.0 -3.698957507721833e-18 -3.698957507721833e-18 -1.0052185159850069e-25 0.0 -2.0488814732150605e-18 
93.0 278.5571142284569 278.5571142284569 0.0 -3.3336187244774726e-18 -3.3336187244774726e-18 -1.0052185159850069e-25 0.0 -1.857206423656789e-18 
93.0 280.16032064128257 280.16032064128257 0.0 -2.979173035170942e-18 -2.979173035170942e-18 -1.0052185159850069e-25 0.0 -1.6692921455587088e-18 
93.0 281.76352705410824 281.76352705410824 0.0 -2.636347938027755e-18 -2.636347938027755e-18 -1.0052185159850069e-25 0.0 -1.485653387121052e-18 
93.0 283.36673346693385 283.36673346693385 0.0 -2.3059534245359433e-18 -2.3059534245359433e-18 -1.0052185159850069e-25 0.0 -1.3068609788752802e-18 
93.0 284.9699398797595 284.9699398797595 0.0 -1.9889007981766263e-18 -1.9889007981766263e-18 -1.0052185159850069e-25 0.0 -1.1335538817663984e-18 
93.0 286.5731462925852 286.5731462925852 0.0 -1.6862282937203304e-18 -1.6862282937203304e-18 -1.0052185159850069e-25 0.0 -9.664554949980254e-19 
93.0 288.1763527054108 288.1763527054108 0.0 -1.3991370602877762e-18 -1.3991370602877762e-18 -1.0052185159850069e-25 0.0 -8.06396429937404e-19 
93.0 289.7795591182365 289.7795591182365 0.0 -1.1290436740489604e-18 -1.1290436740489604e-18 -1.0052185159850069e-25 0.0 -6.543475561822836e-19 
93.0 291.38276553106215 291.38276553106215 0.0 -8.77660558940329e-19 -8.77660558940329e-19 -1.0052185159850069e-25 0.0 -5.114703217231418e-19 
93.0 292.98597194388776 292.98597194388776 0.0 -6.471271170156115e-19 -6.471271170156115e-19 -1.0052185159850069e-25 0.0 -3.7919833470012993e-19 
93.0 294.58917835671343 294.58917835671343 0.0 -4.40242585312729e-19 -4.40242585312729e-19 -1.0052185159850069e-25 0.0 -2.5938140296982436e-19 
93.0 296.1923847695391 296.1923847695391 0.0 -2.609341617104477e-19 -2.609341617104477e-19 -1.0052185159850069e-25 0.0 -1.5457342324971618e-19 
93.0 297.7955911823647 297.7955911823647 0.0 -1.154088177848479e-19 -1.154088177848479e-19 -1.0052185159850069e-25 0.0 -6.87364742397932e-20 
93.0 299.3987975951904 299.3987975951904 0.0 -1.6503520086786106e-20 -1.6503520086786106e-20 -1.0052185159850069e-25 0.0 -9.882268140143668e-21 
92.96816576728891 301.002004008016 301.6490145677558 0.6470105597397655 0.00022461347256583046 0.0004492260356886057 3.0312536357177713e-10 3.790493993905487e-07 0.0002027386471498967 
92.85173885877927 302.6052104208417 304.4017798090451 1.796569388203419 0.0010506589313822954 0.0021012503763736257 2.249372384381343e-08 4.632852592147488e-06 0.0009529264092234222 
92.66861570621836 304.20841683366734 307.26569164385216 3.0572748101848215 0.0023584464672355694 0.004716532592870474 1.2011315716643234e-07 1.6861011511936173e-05 0.0021498272710008 
92.41879475740696 305.811623246493 310.23683035159553 4.425207105102529 0.004153822861148572 0.0083065293723307 3.721165332381382e-07 4.114445515922904e-05 0.0038061358470740407 
92.09741872446 307.4148296593186 313.3197498506914 5.904920191372734 0.006477238523870282 0.012951802045717066 8.916673574510333e-07 8.212120019943449e-05 0.005967138619583253 
91.69630023058943 309.0180360721443 316.5241663588092 7.506130286664935 0.009393368941323123 0.018781220654940554 1.8390758845038502e-06 0.00014532820530768667 0.008702116232390169 
91.20372170114332 310.6212424849699 319.864782088744 9.243539603774057 0.01299286136745046 0.025975395699252345 3.4423451270334434e-06 0.00023761297691112432 0.012106891868945069 
90.603424128772 312.2244488977956 323.3623574177328 11.137908519937223 0.017399861272636725 0.03478163138614263 6.03038641091275e-06 0.000367728770982383 0.016312070811514593 
89.87266910218909 313.82765531062125 327.0460017957081 13.218346485086824 0.02278619908595379 0.04554213125109779 1.0088973603122672e-05 0.0005472740569068574 0.02149817067415471 
88.9787454370733 315.4308617234469 330.9573749033921 15.526513179945221 0.029396744783673358 0.058744408329971624 1.63604124573464e-05 0.000792285180282498 0.02792250454999586 
87.87239005193607 317.03406813627254 335.1585738547973 18.124505718524773 0.03759681455253226 0.07511552530525764 2.603459993394972e-05 0.0011261589319248335 0.035969396334548966 
86.47423642333304 318.6372745490982 339.74821123462505 21.110936685526816 0.047969099334411514 0.09581473857833804 4.115336348458938e-05 0.001585585832289896 0.04625291207015646 
84.64280911903367 320.2404809619238 344.8988467064255 24.65836574450166 0.061540719754530196 0.12288465333680301 6.559539075224553e-05 0.0022344197679224093 0.0598578026139299 
82.0806898635209 321.8436873747495 350.9647548401545 29.12106746540501 0.08044251776648531 0.16056084568583176 0.00010806328236793834 0.0032040000371289304 0.07904026126373773 
77.9214950534912 323.44689378757516 358.9446737004792 35.49777991290402 0.1107744766034426 0.22096167493889307 0.0001957594226666855 0.004869391047635403 0.11028023465684658 
51.3495450333339 325.05010020040083 388.73489230619157 63.68479210579071 0.28730561642337343 0.5712193826727336 0.001130616724670783 0.016460653838401746 0.29905297386571017 
38.428290869851985 326.65330661322645 399.5910219900417 72.93771537681529 0.36251902188900614 0.7199424421943437 0.0016985338612227638 0.024035490029343604 0.38218897061066504 
33.424548672195456 328.2565130260521 404.30903826881763 76.05252524276551 0.3914148605298649 0.7770529870939387 0.0019255779975028285 0.028180956993364387 0.4146195112358721 
30.054838520932908 329.85971943887773 407.92212584648917 78.06240640761142 0.4116243827477689 0.8170018060118295 0.0020823198279544476 0.031710093902212036 0.4375038739306152 
27.49281401513713 331.4629258517034 411.0331847341057 79.5702588824023 0.4278436059955443 0.8490712012205242 0.0022053369087321173 0.03497876822100531 0.4560074443616568 
25.42719640197327 333.0661322645291 413.85726892390295 80.79113665937389 0.4417778657813993 0.8766304758471128 0.002308418569883647 0.03811592811580802 0.47201171130977515 
23.70206625309055 334.66933867735474 416.4970400545749 81.82770137722012 0.4542520007275902 0.9013087439355272 0.0023984191728950136 0.04118366746986225 0.4864292303588167 
22.226644800987863 336.27254509018036 419.0096296595971 82.73708456941678 0.4657299545825418 0.924022075541559 0.0024792778744328714 0.044216750586919686 0.4997747224584148 
20.942831309791515 337.87575150300603 421.43005150334557 83.55430000033952 0.4764986726874687 0.9453369233275167 0.0025534740157847203 0.04723659801923491 0.5123674911251161 
19.810927051735927 339.47895791583164 423.7812448438828 84.30228692805115 0.48674768486921277 0.9656273623006684 0.002622669152427215 0.05025732808124951 0.5244191314045922 
18.802474990311197 341.0821643286573 426.0789939609112 84.99682963225386 0.49660838367980603 0.9851526795621801 0.002688029268812727 0.05328872994839359 0.5360768689524286 
17.89631487809824 342.685370741483 428.33457677269394 85.64920603121097 0.5061753126041367 1.0040994191414259 0.0027504020236492387 0.056337869056807696 0.5474470750883698 
17.076250504603305 344.28857715430865 430.55629578026014 86.26771862595146 0.5155185450514593 1.0226058265339886 0.002810421190250576 0.0594100165293615 0.5586089551833113 
16.329591635756415 345.89178356713427 432.75041353086965 86.85862996373537 0.5246912894759529 1.0407768641755029 0.0028685715923945482 0.06250921739916507 0.569622967103591 
15.646201106622982 347.4949899799599 434.9217502779526 87.42676029799269 0.5337347725423859 1.0586938513320912 0.0029252312509937014 0.0656386535108958 0.5805362322469334 
15.017848764647962 349.09819639278555 437.0740800798436 87.97588368705809 0.5426814904000895 1.076420881634802 0.0029806997218220586 0.06880088376564841 0.59138614206007 
14.437759779982288 350.7014028056112 439.21040148797545 88.50899868236424 0.551557440120434 1.0940092270862796 0.003035217718197479 0.07199800801169841 0.6022028359075451 
13.900290493546303 352.3046092184369 441.3331274107245 89.02851819228762 0.5603836911645362 1.1115004392017425 0.0030889810424395417 0.07523178173226668 0.6130109479520719 
13.400690511390152 353.90781563126257 443.44422130104954 89.53640566978696 0.5691775168651657 1.1289285816568797 0.0031421506911417456 0.07850369807822354 0.6238308662982447 
12.93492466079967 355.5110220440882 445.54529676221887 90.03427471813066 0.5779532249529905 1.1463218689373327 0.003194860322876809 0.08181504767036127 0.6346796582390547 
12.499537449997714 357.1142284569138 447.63769165264216 90.52346319572837 0.5867227775665639 1.1637038895302712 0.003247221867615358 0.08516696292898084 0.6455717617455536 
12.091548316146786 358.71743486973946 449.7225240578387 91.00508918809926 0.5954962610805342 1.181094532756332 0.0032993298015773723 0.0885604514225741 0.6565195100517007 
11.708369574369266 360.32064128256513 451.8007351397153 91.48009385715017 0.6042822469086426 1.1985107004755895 0.0033512644472311662 0.0919964212877254 0.6675335349679257 
11.347741371747814 361.9238476953908 453.87312233862536 91.94927464323457 0.61308807191687 1.2159668601827125 0.003403094550342079 0.09547570083522437 0.6786230806959467 
11.00767956170384 363.5270541082165 455.9403653824129 92.41331127419639 0.6219200587257715 1.2334754795109004 0.0034548793135477443 0.09899905383386193 0.6897962506613915 
10.68643352190283 365.1302605210421 458.00304686348693 92.87278634244481 0.6307836904937086 1.2510473709384031 0.00350667001633728 0.10256719154038213 0.7010602035775546 
10.382451714149537 366.7334669338677 460.06166866608396 93.32820173221624 0.6396837508327056 1.268691967715158 0.003558511316752161 0.10618078225205266 0.7124213105844156 
10.094353336298964 368.3366733466934 462.11666518955207 93.7799918428587 0.6486244367348802 1.2864175465527863 0.0036104423056562127 0.10984045895339925 0.7238852822291721 
9.820904814458059 369.93987975951904 464.1684140739034 94.22853431438439 0.6576094504060602 1.304231408711547 0.0036624973668576517 0.1135468254828943 0.7354572718548683 
9.561000175248772 371.5430861723447 466.2172449607756 94.67415878843087 0.6666420744688314 1.322140028286928 0.003714706883579267 0.1173004615401825 0.7471419603699433 
9.313644553930983 373.1462925851704 468.26344669642003 95.11715411124963 0.6757252339458508 1.3401491744246103 0.003767097822363525 0.12110192677768856 0.7589436262030046 
9.077940256139613 374.749498997996 470.3072732897407 95.5577742917447 0.6848615476552256 1.3582640126549745 0.003819694218491257 0.12495176416377046 0.7708662033803547 
8.853074913702914 376.3527054108216 472.3489488684448 95.99624345762318 0.6940533710660489 1.3764891893869307 0.003872517581720176 0.1288505027622904 0.7829133300141813 
8.638311368904818 377.9559118236473 474.38867182361406 96.43275999996678 0.7033028322208389 1.3948289027302194 0.003925587237151298 0.1327986600416833 0.7950883889977747 
8.432978994066357 379.55911823647295 476.4266182927663 96.86750005629338 0.7126118619948572 1.4132869621508275 0.003978920612961489 0.13679674380236279 0.8073945423287322 
8.236466209791288 381.1623246492986 478.4629451006427 97.30062045134405 0.7219822197030762 1.4318668389530118 0.004032533484377326 0.1408452537928283 0.8198347601920836 
8.048214009556048 382.7655310621243 480.4977922530283 97.73226119090403 0.7314155148645758 1.45057170918488 0.004086440181419941 0.1449446830704828 0.8324118457109222 
7.867710333386511 384.3687374749499 482.5312850603043 98.16254758535436 0.7409132257771246 1.4694044902547243 0.004140653766509309 0.14909551915208716 0.8451284560967421 
7.694485161291869 385.9719438877755 484.56353595276425 98.59159206498875 0.7504767154310974 1.4883678723015699 0.004195186186873411 0.15329824499001393 0.8579871207935537 
7.528106219511327 387.5751503006012 486.5946460382123 99.0194957376111 0.7601072451941331 1.5074643451708303 0.00425004840580886 0.15755333980367273 0.870990257100649 
7.36817521069121 389.17835671342687 488.624706443103 99.44634972967611 0.7698059866199772 1.5266962216916231 0.00430525051610959 0.16186127978994735 0.8841401836713367 
7.214324493759679 390.78156312625254 490.6537994711815 99.872236344929 0.779574031672529 1.5460656578298346 0.004360801838406068 0.16622253873222756 0.8974391322153771 
7.0662141512208 392.38476953907815 492.68199960762524 100.29723006854708 0.7894124016057523 1.5655746701914477 0.00441671100668369 0.170637588524076 0.9108892576762422 
6.923529391390976 393.9879759519038 494.70937439194387 100.72139844004006 0.7993220546994915 1.5852251512703608 0.004472986042873417 0.17510689962082884 0.9244926471087168 
6.785978241180101 395.59118236472943 496.7359851789625 101.14480281423306 0.8093038930179728 1.6050188827696665 0.004529634422090855 0.1796309414300887 0.938251327445141 
6.653289491705847 397.1943887775551 498.7618878040905 101.56749902653542 0.8193587683307054 1.624957547271858 0.004586663129852506 0.1842101826502962 0.9521672723081419 
6.5252108645937605 398.7975951903808 500.7871331664337 101.98953797605292 0.8294874873132917 1.645042738489427 0.00464407871238262 0.18884509156499377 0.9662424080026387 
6.401507371458337 400.40080160320645 502.8117677412134 102.41096613800694 0.8396908161272044 1.665275970291529 0.00470188732095756 0.19353613629923053 0.9804786187994123 
6.28195984295748 402.00400801603206 504.83583403112436 102.83182601509229 0.8499694844624929 1.6856586846717336 0.0047600947510824925 0.19828378504344266 0.9948777516051218 
6.166363607088638 403.60721442885773 506.8593709648619 103.25215653600421 0.8603241891146414 1.706192258797726 0.0048187064771853805 0.20308850624940553 1.0094416200997367 
6.054527299165671 405.21042084168334 508.8824142497735 103.67199340809013 0.8707555971563777 1.726878011262526 0.004877727683406309 0.20795076880207924 1.0241720084102706 
5.946271788262302 406.813627254509 510.9049966845978 104.09136943008879 0.8812643487562909 1.7477172076396412 0.004937163290980386 0.2128710421706333 1.0390706743798 
5.841429206905746 408.4168336673347 512.9271484373658 104.51031477003106 0.8918510596888041 1.7687110654296907 0.004997017982638273 0.2178497965413994 1.0541393524823028 
5.739842072057353 410.02004008016036 514.948897293115 104.9288572129547 0.9025163235741547 1.7898607584774506 0.005057296224431672 0.22288750293562973 1.0693797564288432 
5.641362490044133 411.62324649298597 516.9702688736137 105.34702238062769 0.9132607138787384 1.8111674209045254 0.00511800228507449 0.22798463331128818 1.0847935814913923 
5.545851429777737 413.22645290581164 518.99128683625 105.76483393043829 0.9240847857109463 1.8326321506630774 0.0051791402536378595 0.23314166065761555 1.1003825066048896 
5.453178065771662 414.82965931863725 521.0119730496353 106.1823137309981 0.9349890774282316 1.8542560126931957 0.005240714055078812 0.23835905907457836 1.1161481962380246 
5.3632191771601 416.4328657314629 523.0323477523243 106.59948202086136 0.9459741120836106 1.8760400417759102 0.005302727464380295 0.24363730384556775 1.1320923020856106 
5.27585859956634 418.0360721442886 525.0524296951977 107.01635755090909 0.95704039872752 1.8979852450989765 0.005365184119257287 0.24897687150167908 1.1482164645926636 
5.1909867240377405 419.63927855711427 527.0722362695624 107.43295771244816 0.9681884335817589 1.920092604570264 0.005428087531616203 0.2543782398789123 1.1645223143304213 
5.108500038374719 421.2424849699399 529.091783622631 107.84929865269115 0.9794187010997517 1.9423630789072641 0.005491441097913046 0.2598418881692352 1.1810114732408479 
5.028300706689335 422.84569138276555 531.1110867617393 108.26539537897378 0.9907316749255678 1.9647976055269545 0.005555248108524076 0.26536829696614794 1.1976855557637411 
4.950296183506298 424.44889779559117 533.1301596485814 108.68126185299023 1.0021278187626779 1.9873971022579242 0.00561951175624135 0.27095794830547665 1.2145461698592035 
4.87439885911643 426.05210420841684 535.1490152845021 109.0969110760852 1.013607587162026 2.0101624688933306 0.0056842351439805585 0.27661132570186997 1.231594917936296 
4.800525733247079 427.6553106212425 537.167665787817 109.51235516657451 1.025171426237941 2.03309458860166 0.005749421291785474 0.2823289141815154 1.248833397697798 
4.72859811443687 429.2585170340682 539.1861224640202 109.92760542995198 1.036819774319334 2.0561943292101237 0.005815073143205033 0.2881112003115453 1.266263202909716 
4.658541342758352 430.8617234468938 541.2043958695695 110.34267242267566 1.048553062542813 2.079462544373327 0.005881193571099548 0.29395867222640204 1.2838859241029479 
4.590284533800811 432.4649298597194 543.222495869959 110.75756601023957 1.060371715393592 2.1029000746392823 0.005947785382940999 0.2998718196515985 1.301703149214162 
4.523760342013129 434.0681362725451 545.2404316926311 111.17229542008596 1.0722761511993886 2.1265077484226915 0.006014851325653846 0.30585113392510566 1.319716464171708 
4.458904741715053 435.67134268537075 547.2582119752362 111.58686928986548 1.0842667825819627 2.150286382894607 0.006082394090040031 0.31189710801660436 1.3379274534319228 
4.39565682425228 437.2745490981964 549.2758448097301 112.0012957115337 1.0963440168703265 2.174236784796921 0.006150416314833034 0.3180102365448961 1.3563377004707282 
4.333958609908186 438.8777555110221 551.2933377826755 112.41558227165339 1.1085082564794304 2.1983597511883484 0.006218920590410767 0.32419101579357956 1.3749487882345386 
4.273754873339456 440.4809619238477 553.3106980121582 112.82973608831053 1.1207598992575143 2.222656070129092 0.006287909462205823 0.3304399437252702 1.3937622995546113 
4.214992981396806 442.0841683366733 555.3279321815966 113.2437638449233 1.1330993388050592 2.247126521309253 0.00635738543383492 0.33675751999442205 1.4127798175278796 
4.157622742323681 443.687374749499 557.3450465707696 113.65767182127058 1.1455269647680126 2.27177187662669 0.006427350969978468 0.3431442459589621 1.4320029258676128 
4.1015962654017 445.29058116232466 559.3620470842998 114.07146592197512 1.1580431631075856 2.2965929007186343 0.006497808499029531 0.3496006246908107 1.451433209226433 
4.046867830207434 446.8937875751503 561.37893927785 114.48515170269972 1.1706483163488106 2.321590351451534 0.006568760415536796 0.3561271609854543 1.4710722534943639 
3.9933937647152313 448.496993987976 563.3957283822078 114.89873439423188 1.1833428038096756 2.346764980372471 0.006640209082454243 0.3627243613705897 1.4909216460738468 
3.9411323315563065 450.1002004008016 565.4124193254827 115.31221892468105 1.1961270018126018 2.372117533125995 0.006712156833220908 0.36939273411400764 1.5109829761340288 
3.8900436217991436 451.7034068136272 567.4290167535576 115.7256099399303 1.2090012838798145 2.3976487498390076 0.006784605973680425 0.3761327892307345 1.5312578348458783 
3.840089455677105 453.3066132264529 569.4455250489698 116.13891182251683 1.2219660209139547 2.4233593654767365 0.0068575587838580615 0.3829450384895497 1.5517478155999154 
3.7912332897332335 454.90981963927857 571.4619483483336 116.55212870905505 1.2350215813652412 2.449250110172054 0.006931017519603485 0.3898299954188839 1.5724545142079176 
3.7434401299064364 456.51302605210424 573.4782905584535 116.9652645063493 1.2481683313862686 2.4753217095305424 0.007004984414114018 0.396788175312211 1.5933795290900048 
3.696676450115832 458.11623246492985 575.4945553712282 117.37832290629837 1.2614066349755275 2.5015748849133486 0.007079461679346936 0.4038200952329572 1.6145244614483372 
3.650910115940117 459.7194388777555 577.5107462774457 117.7913073996902 1.2747368541105701 2.528010353699466 0.007154451507329206 0.410926274018964 1.6358909154284074 
3.606110313023297 461.3226452905812 579.5268665795661 118.20422128898497 1.2881593488715875 2.5546288295293413 0.007229956071374173 0.41810723228655977 1.6574804982690081 
3.5622474798685264 462.9258517034068 581.5429194035794 118.61706770017263 1.3016744775563316 2.581431022531302 0.007305977527212855 0.42536349243428456 1.6792948204418496 
3.5192932447062084 464.5290581162325 583.5589077100044 119.0298495937719 1.3152825967869395 2.608417639531994 0.007382518014045432 0.4326955786462752 1.7013354957814686 
3.477220366152437 466.13226452905815 585.5748343041053 119.4425697750471 1.3289840616093096 2.635589384252319 0.00745957965552036 0.44010401689536083 1.7236041416063197 
3.4360026773933807 467.73547094188376 587.5907018453853 119.85523090350155 1.3427792255857793 2.662946957489867 0.00753716456064592 0.44758933494588393 1.7461023788317376 
3.395615033651214 469.33867735470943 589.6065128564233 120.26783550171379 1.3566684408813667 2.69049105728904 0.007615274824641263 0.45515206235629546 1.7688318320753342 
3.3560332627116485 470.9418837675351 591.6222697310891 120.68038596355397 1.3706520583442892 2.718222379099602 0.007693912529728918 0.4627927304815038 1.7917941297554107 
3.3172341183022365 472.5450901803607 593.6379747422002 121.09288456183941 1.3847304275810843 2.7461416159247345 0.00777307974587488 0.4705118724750329 1.8149909041829504 
3.2791952361342322 474.1482965931864 595.6536300486575 121.50533345547119 1.3989038970267955 2.77424945845934 0.007852778531480704 0.4783100232909954 1.8384237916476787 
3.241895092430301 475.75150300601206 597.6692377020953 121.91773469608322 1.4131728140105366 2.802546595219163 0.007933010934028607 0.4861877196858837 1.8620944324985012 
3.2053129647750596 477.3547094188377 599.6847996530993 122.33009023426162 1.4275375248168276 2.831033712661764 0.008013778990687908 0.49414550022023956 1.8860044712189725 
3.16942889513828 478.95791583166334 601.7003177569966 122.7424019253332 1.4419983747429932 2.8597114952994995 0.008095084728878913 0.5021839052601368 1.91015555649787 
3.134223654931034 480.561122244489 603.7157937792839 123.15467153479484 1.456555708152909 2.8885806258055546 0.00817693016680476 0.5103034769785849 1.934549341295511 
3.0996787119645965 482.1643286573146 605.7312294006846 123.56690074337 1.4712098685273436 2.9176417851129983 0.008259317313946092 0.5185047593567655 1.9591874829057825 
3.065776199192271 483.7675350701403 607.7466262218937 123.97909115175345 1.485961198511201 2.946895652507941 0.00834224817152761 0.5267882981851989 1.9840716430145726 
3.03249888512398 485.37074148296597 609.7619857680195 124.39124428505349 1.500810039957782 2.9763429057168227 0.008425724732955891 0.5351546410648117 2.0092034877545606 
2.999830145807235 486.9739478957916 611.7773094927294 124.80336159693776 1.5157567339703861 3.005984220988216 0.008509748984227447 0.5436043374078745 2.034584687756663 
2.967753938280719 488.57715430861725 613.7925987821517 125.2154444735344 1.5308016209413313 3.035820273169841 0.008594322904315155 0.5521379384389011 2.060216918198505 
2.936254775410105 490.18036072144287 615.8078549585279 125.62749423708503 1.5459450405886697 3.0658517357808597 0.008679448465530322 0.5607559971954581 2.086101858849998 
2.905317702021859 491.78356713426854 617.8230792836387 126.03951214937011 1.5611873319906695 3.0960792810798616 0.008765127633862863 0.5694590685288979 2.1122411941162396 
2.874928272258722 493.3867735470942 619.8382729620214 126.45149941492716 1.5765288336183059 3.1265035801288255 0.008851362369301768 0.5782477091050362 2.1386366130779555 
2.8450725280832807 494.9899799599198 621.8534371439888 126.86345718406896 1.5919698833657585 3.1571253028532134 0.008938154626136086 0.5871224774047592 2.165289809529499 
2.8157369788629403 496.5931863727455 623.8685729284714 127.27538655572585 1.6075108185792206 3.187945118098819 0.009025506353239237 0.5960839337245966 2.1922024820148875 
2.7869085819731505 498.19639278557116 625.883681365689 127.68728858011787 1.6231519760840032 3.218963693685092 0.009113419494337329 0.6051326401772399 2.21937633386163 
2.7585747243590837 499.7995991983968 627.8987634596549 128.0991642612581 1.6388936922100812 3.2501816964554604 0.009201895988259708 0.6142691606919903 2.246813073212692 
2.730723205002557 501.40280561122245 629.9138201705488 128.51101455932636 1.6547363028162076 3.281599792324951 0.009290937769179011 0.6234940610152163 2.2745144130567865 
2.703342218240865 503.0060120240481 631.9288524169336 128.92284039288552 1.6706801433126286 3.3132186463248257 0.009380546766833912 0.6328079087107152 2.3024820712567884 
2.6764203378911566 504.60921843687373 633.9438610778572 129.33464264098345 1.6867255486826067 3.3450389226450774 0.009470724906742209 0.6422112731600834 2.330717770576855 
2.649946502133634 506.2124248496994 635.9588469948241 129.74642214512468 1.7028728535026696 3.3770612846742014 0.009561474110400245 0.6517047255630286 2.359223238707808 
2.6239099991135793 507.8156312625251 637.9738109736668 130.15817971114177 1.7191223919617786 3.4092863950372028 0.009652796295473958 0.6612888389376876 2.388000208291426 
2.598300453220129 509.4188376753507 639.9887537862948 130.56991611094406 1.735474497879465 3.4417149156310556 0.00974469337597589 0.670964188120863 2.417050416943158 
2.573107812007149 511.02204408817636 642.0036761723551 130.98163208417876 1.7519295047229357 3.474347507658621 0.00983716726243488 0.6807313497682731 2.446375607273842 
2.5483223337199155 512.625250501002 644.0185788408048 131.39332833980276 1.7684877456233508 3.5071848316605894 0.009930219862057596 0.6905909023547893 2.475977526910236 
2.523934575396001 514.2284569138276 646.0334624713809 131.8050055575533 1.7851495533911168 3.5402275475456535 0.010023853078878178 0.7005434261746003 2.5058579285143767 
2.499935381508667 515.8316633266534 648.0483277160087 132.2166643893553 1.8019152605304536 3.5734763146192625 0.010118068813903886 0.7105895033414293 2.5360185698020903 
2.476315873125478 517.4348697394789 650.0631752001136 132.62830546063472 1.8187851992531798 3.6069317916106525 0.01021286896524933 0.7207297177886538 2.5664612135604163 
2.453067437553508 519.0380761523046 652.078005523881 133.03992937157633 1.8357597014917468 3.6405946366987183 0.010308255428267214 0.7309646552694876 2.597187627664278 
2.4301817184473897 520.6412825651303 654.0928192634342 133.45153669830395 1.8528390989116341 3.6744655075363264 0.010404230095670005 0.7412949033570936 2.6281995850921924 
2.407650606354575 522.2444889779559 656.1076169719471 133.86312799399113 1.8700237229231174 3.7085450612733353 0.010500794857644045 0.7517210514446689 2.659498863941169 
2.385466229677069 523.8476953907816 658.1223991807243 134.2747037899427 1.88731390469238 3.742833954578904 0.010597951601964462 0.7622436907456234 2.6910872474411387 
2.3636209460267845 525.4509018036072 660.1371664001836 134.6862645965764 1.9047099751521033 3.7773328436619766 0.010695702214094617 0.7728634142935903 2.722966523968228 
2.342107333955885 527.054108216433 662.1519191208208 135.0978109043879 1.9222122650115618 3.812042384291296 0.01079404857728844 0.7835808169425535 2.755138487057785 
2.3209181850426557 528.6573146292585 664.1666578141096 135.50934318485113 1.9398211047660927 3.8469632318142 0.010892992572684387 0.7943964953669078 2.7876049354165424 
2.3000464963150073 530.2605210420842 666.1813829333537 135.92086189126954 1.957536824706283 3.882096041174409 0.010992536079393924 0.8053110480615093 2.82036767293426 
2.2794854629958388 531.8637274549098 668.1960949145065 136.33236745959664 1.9753597549264654 3.917441466929207 0.011092680974589165 0.8163250753417564 2.8534285086948437 
2.2592284715528232 533.4669338677354 670.2107941769318 136.74386030919638 1.9932902253330547 3.9530001632654 0.011193429133581281 0.8274391793435973 2.8867892569868245 
2.239269093039546 535.0701402805612 672.2254811241424 137.15534084358126 2.011328565652291 3.9887727840148948 0.011294782429899517 0.838653964023599 2.9204517373134977 
2.219601076712659 536.6733466933867 674.2401561444958 137.566809451109 2.0294751054376734 4.024759982669275 0.011396742735365072 0.8499700351589777 2.9544177744024633 
2.2002183439120397 538.2765531062124 676.2548196118461 137.97826650563366 2.047730174077071 4.060962412393687 0.011499311920158857 0.8613880003475994 2.9886891982147232 
2.1811149821917777 539.8797595190381 678.2694718861794 138.38971236714139 2.0660941007994365 4.097380726040214 0.011602491852890206 0.8729084690080288 3.023267843953446 
2.1622852396894854 541.4829659318638 680.2841133142106 138.80114738234676 2.0845672146812615 4.134015576160586 0.011706284400660499 0.8845320523795481 3.058155552072322 
2.1437235197232174 543.0861723446894 682.29874422994 139.21257188525053 2.103149844652659 4.170867615017987 0.011810691429121258 0.8962593635221269 3.093354168283304 
2.125424375604946 544.689378757515 684.3133649552065 139.6239861976915 2.1218423195032337 4.207937494598889 0.01191571480253492 0.9080910173164823 3.128865543564411 
2.107382505660803 546.2925851703408 686.3279758001935 140.0353906298527 2.140644967887654 4.2452258666238505 0.012021356383828166 0.920027630464057 3.164691534166852 
2.0895927484482932 547.8957915831663 688.3425770639212 140.44678548075493 2.1595581183309407 4.282733382557991 0.01212761803464549 0.9320698214870279 3.200834001621914 
2.0720500781616633 549.498997995992 690.3571690347042 140.85817103871216 2.178582099233552 4.3204606936209435 0.012234501615397 0.9442182107282755 3.237294812747552 
2.0547496002167236 551.1022044088177 692.3717519906082 141.26954758179053 2.197717238876226 4.358408450796563 0.012342008985310047 0.9564734203514328 3.2740758396548104 
2.037686547006942 552.7054108216432 694.3863261998594 141.68091537821613 2.2169638654245927 4.396577304841778 0.012450142002471345 0.9688360743408203 3.3111789597536796 
2.020856273823188 554.308617234469 696.4008919212574 142.09227468678836 2.236322306933594 4.434967906295572 0.012558902523873277 0.9813067985014844 3.34860605575905 
2.0042542549298155 555.9118236472946 698.4154494045508 142.50362575725632 2.255792891351704 4.47358090548705 0.012668292405453786 0.9938862204591419 3.3863590156960743 
1.9878760797901556 557.5150300601202 700.4299988908094 142.91496883068916 2.2753759465249663 4.512416952543535 0.012778313502137257 1.0065749696602004 3.4244397329055465 
1.9717174494345722 559.1182364729459 702.4445406127714 143.3263041398255 2.295071800200852 4.551476697398094 0.012888967667872817 1.0193736773717277 3.462850106048916 
1.9557741729653044 560.7214428857716 704.4590747951736 143.73763190940198 2.3148807800319147 4.590760789796832 0.013000256755669428 1.0322829766814214 3.501592039113126 
1.9400421641916215 562.3246492985973 706.4736016550746 144.1489523564774 2.3348032135793675 4.630269879305852 0.013112182617632633 1.0453035024976176 3.5406674414152914 
1.924517438389986 563.9278557114228 708.4881214021548 144.56026569073202 2.354839428316406 4.670004615317822 0.013224747104996463 1.0584358915492464 3.580078227607046 
1.9091961091837413 565.5310621242486 710.5026342390113 144.97157211476275 2.37498975163151 4.7099656470585805 0.01333795206815695 1.0716807823858405 3.619826317679017 
1.8940743855371318 567.1342685370741 712.517140361425 145.38287182435087 2.3952545108314505 4.750153623592803 0.013451799356700232 1.0850388153774613 3.659913636964549 
1.8791485688589378 568.7374749498998 714.5316399586377 145.7941650087379 2.4156340331443067 4.790569193830344 0.013566290819434862 1.098510632714737 3.70034211614401 
1.8644150502109644 570.3406813627255 716.5461332135944 146.20545185086888 2.4361286457222993 4.831213006531352 0.01368142830441711 1.1120968784087881 3.741113691248201 
1.8498703076169738 571.943887775551 718.5606203031962 146.61673252764507 2.4567386756445027 4.8720857103121 0.013797213658981032 1.1257981982912513 3.782230303662292 
1.8355109034681034 573.5470941883768 720.5751013985172 147.02800721014032 2.4774644499194345 4.9131879536495875 0.013913648729759899 1.1396152400141923 3.823693900128889 
1.8213334820203602 575.1503006012024 722.5895766650398 147.43927606383738 2.4983062954875805 4.9545203848869965 0.014030735362715301 1.1535486530501413 3.8655064327517454 
1.8073347669807653 576.7535070140281 724.6040462628603 147.8505392488322 2.5192645392237636 4.996083652238039 0.01414847540315872 1.1675990886920413 3.907669858998663 
1.7935115591782722 578.3567134268537 726.6185103468887 148.26179692003493 2.5403395079394864 5.037878403791636 0.014266870695773658 1.181767200053207 3.950186141704687 
1.7798607343161326 579.9599198396793 728.6329690670489 148.67304922736952 2.561531528385068 5.0799052875162145 0.014385923084639233 1.1960536420673302 3.9930572490749703 
1.7663792408023375 581.5631262525051 730.6474225684582 149.08429631595314 2.582840927251838 5.122164951263936 0.014505634413249395 1.210459071488421 4.036285154687682 
1.753064097655015 583.1663326653306 732.6618709916088 149.49553832627817 2.6042680311740933 5.164658042774591 0.014626006524534014 1.2249841468907985 4.079871837496602 
1.7399123924797808 584.7695390781563 734.6763144725383 149.90677539438192 2.625813166731101 5.2073852096795585 0.014747041260878098 1.239629528669068 4.123819281833843 
1.7269212795161548 586.372745490982 736.6907531429928 150.31800765201078 2.647476660448924 5.250347099505457 0.01486874046414059 1.2543958790380914 4.16812947741231 
1.7140879777503006 587.9759519038076 738.7051871305792 150.72923522677164 2.669258838802304 5.293544359677587 0.014991105975670676 1.2692838620329379 4.212804419328072 
1.7014097690915568 589.5791583166333 740.7196165589223 151.14045824228896 2.691160028216244 5.336977637523526 0.01511413963632707 1.2842941435088946 4.25784610806275 
1.6888839966101237 591.1823647294589 742.734041547802 151.55167681834308 2.713180555067855 5.38064758027623 0.015237843286492659 1.2994273911414063 4.303256549485725 
1.6765080628336313 592.7855711422847 744.7484622132954 151.9628910710108 2.735320745687772 5.424554835077272 0.015362218766091354 1.3146842744260716 4.34903775485625 
1.6642794281002773 594.3887775551102 746.7628786679066 152.37410111279644 2.75758092636181 5.468700048979799 0.015487267914602696 1.3300654646785997 4.395191740825544 
1.6521956089663368 595.9919839679359 748.7772910206958 152.78530705275986 2.7799614233323964 5.513083868951572 0.015612992571076923 1.3455716350347984 4.441720529438844 
1.6402541766659589 597.5951903807616 750.7916993773972 153.1965089966356 2.802462562799981 5.557706941877507 0.01573939457414813 1.361203460450527 4.488626148137137 
1.6284527556212927 599.1983967935871 752.8061038405413 153.6077070469542 2.825084670924422 5.602569914562709 0.01586647576204931 1.376961617701695 4.535910629759271 
1.616789022001022 600.8016032064129 754.8205045095623 154.01890130314936 2.847828073826301 5.647673433734746 0.01599423797262352 1.3928467853842166 4.583576012543496 
1.6052607023254262 602.4048096192384 756.8349014809089 154.4300918616705 2.8706930975881595 5.693018146046326 0.016122683043338176 1.408859643913996 4.6316243401293 
1.5938655721163586 604.0080160320641 758.8492948481463 154.84127881608222 2.8936800682557493 5.738604698077606 0.016251812811295785 1.4250008755268948 4.680057661559022 
1.5826014545902674 605.6112224448898 760.8636847020558 155.25246225716606 2.916789311839186 5.784433736338621 0.016381629113246057 1.4412711642787104 4.728878031279508 
1.5714662193928812 607.2144288577155 762.8780711307318 155.66364227301634 2.9400211543140706 5.830505907271332 0.01651213378559752 1.4576711960451536 4.778087509143527 
1.5604577813738438 608.8176352705411 764.8924542196702 156.07481894912902 2.963375921622597 5.876821857251925 0.016643328664427113 1.4742016585218105 4.827688160411358 
1.5495740993999518 610.4208416833667 766.90683405186 156.48599236849324 2.986853939674608 5.923382232592753 0.016775215585491624 1.490863241224132 4.87768205575216 
1.5388131752054874 612.0240480961925 768.9212107078678 156.89716261167533 3.01045553434857 5.970187679544441 0.016907796384237544 1.507656635487412 4.928071271245399 
1.5281730522784098 613.627254509018 770.9355842659161 157.3083297568981 3.03418103149255 6.017238844297678 0.01704107289580979 1.524582534466739 4.9788578883820795 
1.5176518147809883 615.2304609218437 772.9499548019658 157.71949388012206 3.0580307569251994 6.064536372985223 0.017175046955062147 1.5416416331370004 5.030043994066192 
1.5072475865037438 616.8336673346694 774.9643223897915 158.1306550551222 3.082005036436608 6.112080911683539 0.017309720396566246 1.558834628292857 5.0816316806158035 
1.4969585298514403 618.4368737474949 776.9786871010488 158.5418133535538 3.106104195789192 6.159873106414538 0.017445095054618377 1.5761622185486857 5.133623045764272 
1.4867828448600207 620.0400801603207 778.9930490053509 158.95296884503028 3.1303285607185365 6.207913603147317 0.01758117276325014 1.5936251043386003 5.186020192661483 
1.4767187682433536 621.6432865731463 781.0074081703336 159.36412159718736 3.1546784569342314 6.256203047799744 0.017717955356235604 1.6112239879164127 5.238825229874952 
1.4667645724688143 623.2464929859719 783.0217646617173 159.77527167574527 3.179154210120583 6.304742086239878 0.01785544466709824 1.6289595733555948 5.29204027139077 
1.456918564860601 624.8496993987976 785.0361185433717 160.18641914457407 3.20375614593747 6.353531364287585 0.017993642529119162 1.6468325665492738 5.345667436614813 
1.447179086729852 626.4529058116233 787.0504698773777 160.59756406575448 3.228484590020992 6.402571527715953 0.018132550775344987 1.6648436752102156 5.399708850373663 
1.4375445125306947 628.056112224449 789.0648187240813 161.00870649963235 3.2533398679842045 6.451863222252639 0.018272171238593284 1.6829936088707858 5.454166642915589 
1.4280132490412234 629.6593186372745 791.0791651421521 161.4198465048775 3.278322305417794 6.501407093581221 0.01841250575146052 1.7012830788829398 5.509042949911479 
1.4185837345686363 631.2625250501003 793.0935091886337 161.8309841385334 3.3034322278907635 6.551203787342518 0.018553556146327452 1.7197127984181897 5.564339912455789 
1.4092544381776486 632.8657314629259 795.1078509190042 162.24211945607837 3.3286699609509953 6.601253949135891 0.018695324255368167 1.7382834824676305 5.620059677067429 
1.40002385894143 634.4689378757515 797.1221903872123 162.6532525114608 3.354035830125943 6.651558224520234 0.0188378119105515 1.7569958478418384 5.676204395690482 
1.3908905252143136 636.0721442885772 799.1365276457383 163.0643833571611 3.379530160923193 6.702117259015452 0.01898102094365141 1.7758506131709328 5.732776225695253 
1.3818529939254514 637.6753507014027 801.1508627456308 163.47551204422808 3.4051532788310053 6.752931698103291 0.019124953186249533 1.7948484989044922 5.789777329878816 
1.3729098498928411 639.2785571142285 803.1651957365578 163.88663862232931 3.430905509318928 6.804002187228647 0.01926961046974224 1.8139902273115815 5.847209876465995 
1.3640597051569616 640.8817635270541 805.1795266668476 164.2977631397935 3.4567871778382653 6.85532937180051 0.01941499462534582 1.8332765224807115 5.905076039109975 
1.3553011983333718 642.4849699398798 807.1938555835297 164.70888564364998 3.4827986098226535 6.906913897192983 0.019561107484101174 1.8527081103198266 5.963377996893066 
1.346632993983687 644.0881763527054 809.2081825323768 165.12000617967135 3.5089401306885186 6.958756408746409 0.019707950876878995 1.8722857185562862 6.022117934327497 
1.3380537820042948 645.6913827655311 811.2225075579402 165.53112479240906 3.5352120658355988 7.010857551768055 0.019855526634384158 1.8920100767368362 6.081298041355882 
1.3295622770322415 647.2945891783568 813.2368307035905 165.94224152523375 3.5616147406473693 7.063217971533262 0.020003836587160963 1.9118819162276077 6.140920513352045 
1.321157217867694 648.8977955911823 815.2511520115515 166.35335642036915 3.588148480491536 7.11583831328625 0.020152882565596827 1.9319019702140858 6.200987551121609 
1.3128373669125102 650.5010020040081 817.2654715229396 166.7644695189315 3.6148136107204176 7.168719222241023 0.020302666399928487 1.952070973701126 6.261501360902611 
1.3046015096243555 652.1042084168337 819.2797892777883 167.17558086095457 3.6416104566714504 7.221861343582135 0.020453189920243108 1.9723896635128706 6.322464154366085 
1.2964484539858392 653.7074148296593 821.2941053150903 167.586690485431 3.6685393436675136 7.275265322465588 0.020604454956485288 1.9928587782928064 6.383878148616671 
1.288377029988238 655.310621242485 823.3084196728224 167.9977984303374 3.6956005970174166 7.32893180401946 0.020756463338459104 2.0134790585036955 6.4457455661931 
1.2803860891293393 656.9138276553106 825.3227323879785 168.40890473266785 3.7227945420161714 7.382861433344838 0.0209092168958326 2.034251246427582 6.508068635068797 
1.272474503924897 658.5170340681364 827.3370434965998 168.8200094284634 3.750121503945488 7.4370548555165215 0.02106271745814197 2.0551760861657864 6.570849588652482 
1.2646411674333615 660.1202404809619 829.3513530338004 169.23111255283843 3.777581808074011 7.49151271558364 0.021216966854794253 2.0762543236388633 6.6340906657885075 
1.2568849927933836 661.7234468937876 831.3656610337974 169.64221414000986 3.8051757796578043 7.546235658570406 0.02137196691507154 2.097486706586615 6.6977941107575045 
1.249204912773764 663.3266533066133 833.3799675299341 170.05331422332083 3.832903743940543 7.601224329476686 0.021527719468133272 2.1188739845680464 6.761962173276675 
1.2415998793353655 664.9298597194388 835.3942725547084 170.46441283526966 3.860766026153971 7.656479373278891 0.021684226343020734 2.1404169089613774 6.82659710850056 
1.2340688632047492 666.5330661322646 837.4085761397968 170.87551000753217 3.8887629515181756 7.7120014349303245 0.02184148936865934 2.1621162329640176 6.891701177021216 
1.2266108534590434 668.1362725450902 839.4228783160785 171.2866057709883 3.916894845241801 7.767791159362023 0.021999510373862885 2.183972711592559 6.957276644868799 
1.2192248571217934 669.7394789579158 841.4371791136534 171.69770015573758 3.9451620325225223 7.823849191482979 0.02215829118733311 2.205987101682722 7.023325783511789 
1.2119098987693797 671.3426853707415 843.4514785618773 172.10879319113573 3.9735648385471656 7.880176176181331 0.022317833637668826 2.2281601618894387 7.08985086985782 
1.204665020147773 672.9458917835672 845.4657766893663 172.5198849057992 4.002103588492146 7.936772758324208 0.022478139553361406 2.2504926526867104 7.156854186253577 
1.1974892797992112 674.5490981963928 847.4800735240342 172.93097532764142 4.030778607523609 7.993639582758826 0.02263921076280358 2.2729853363677184 7.224338020485587 
1.1903817526985925 676.1523046092184 849.494369093098 173.34206448387962 4.05959022079773 8.050777294312594 0.022801049094287082 2.2956389770447014 7.292304665780251 
1.1833415298992096 677.7555110220442 851.5086634231094 173.75315240106525 4.0885387534610285 8.108186537794019 0.02296365637600937 2.31845434064903 7.360756420804604 
1.1763677181876122 679.3587174348697 853.5229565399692 174.16423910509945 4.11762453065055 8.165867957992889 0.023127034436074417 2.3414321949311665 7.429695589666361 
1.1694594397473 680.9619238476954 855.5372484689417 174.57532462124624 4.146847877494151 8.223822199680795 0.023291185102493468 2.3645733094606154 7.499124481914325 
1.1626158318309487 682.5651302605211 857.5515392346801 174.98640897415902 4.176209119110657 8.282049907611768 0.023456110203190446 2.3878784556259762 7.569045412538838 
1.1558360464409965 684.1683366733466 859.5658288612353 175.39749218788864 4.205708580610247 8.340551726522472 0.023621811566001016 2.411348406634857 7.639460701971988 
1.149119250018258 685.7715430861724 861.5801173720819 175.80857428590946 4.235346587094455 8.39932830113287 0.023788291018678062 2.4349839375139544 7.710372676087966 
1.1424646231384006 687.374749498998 863.5944047901252 176.2196552911272 4.26512346365658 8.458380276146451 0.023955550388890717 2.458785825108948 7.7817836662033635 
1.135871360215995 688.9779559118236 865.6086911377253 176.6307352259016 4.295039535381797 8.517708296250904 0.024123591504229297 2.482754848084576 7.853696009077618 
1.129338669215989 690.5811623246493 867.622976436703 177.04181411205363 4.325095127347347 8.57731300611808 0.024292416192204083 2.5068917869245375 7.92611204691292 
1.122865771372302 692.184368737475 869.6372607083632 177.4528919708882 4.355290564622814 8.637195050404939 0.024462026280250418 2.531197423931561 7.999034127355048 
1.1164519009134202 693.7875751503007 871.6515439735007 177.8639688232 4.3856261722702525 8.6973550737533 0.024632423595727232 2.5556725432273164 8.072464603493055 
1.1100963047947188 695.3907815631262 873.6658262524264 178.2750446893002 4.416102275344316 8.757793720790888 0.024803609965924216 2.5803179307525186 8.146405833860081 
1.1037982424374004 696.993987975952 875.6801075649653 178.68611958901323 4.4467191988925885 8.81851163613105 0.024975587218056705 2.6051343742667803 8.220860182433183 
1.0975569854737628 698.5971943887776 877.6943879304803 179.0971935417027 4.4774772679556385 8.879509464373482 0.025148357179272916 2.6301226633486965 8.295830018633826 
1.0913718174987033 700.2004008016032 879.7086673678795 179.50826656627626 4.508376807567223 8.940787850104499 0.02532192167665233 2.655283589395792 8.371317717328093 
1.0852420338272208 701.8036072144289 881.7229458956359 179.91933868120702 4.539418142754468 9.002347437897358 0.025496282537211097 2.6806179456245802 8.447325658826946 
1.079166941257821 703.4068136272545 883.7372235317835 180.33040990452898 4.570601598538005 9.064188872312334 0.025671441587897054 2.7061265270704 8.523856228886231 
1.073145857841537 705.0100200400802 885.751500293947 180.74148025386665 4.601927499932123 9.126312797897452 0.025847400655598568 2.731810130587594 8.600911818707276 
1.0671781126565614 706.6132264529058 887.7657761993416 181.15254974643585 4.63339617194495 9.188719859188462 0.02602416156714197 2.757669554849376 8.678494824936841 
1.0612630455881968 708.2164328657315 889.7800512647885 181.56361839905708 4.665007939578579 9.251410700709235 0.026201726149294016 2.783705600347878 8.756607649667425 
1.0554000071140843 709.8196392785571 891.7943255067205 181.9746862281634 4.696763127829187 9.314385966972072 0.02638009622876211 2.8099190693940903 8.835252700437474 
1.049588358094473 711.4228456913828 893.8085989411982 182.3857532498154 4.728662061687293 9.377646302477979 0.02655927363219813 2.8363107661179146 8.914432390231672 
1.043827469567473 713.0260521042085 895.8228715839152 182.79681947970678 4.760705066137683 9.441192351716747 0.02673926018619739 2.862881496468111 8.99414913748082 
1.0381167225490906 714.629258517034 897.837143450208 183.20788493317403 4.792892466159706 9.505024759167496 0.026920057717300355 2.889632068212289 9.074405366062415 
1.0324555078379585 716.2324649298597 899.8514145550705 183.6189496252108 4.825224586727407 9.56914416929882 0.027101668051996364 2.9165632909369537 9.15520350530073 
1.026843225824616 717.8356713426854 901.8656849131542 184.03001357046878 4.857701752809541 9.633551226568844 0.027284093016720534 2.9436759760474147 9.236545989966759 
1.0212792863052065 719.438877755511 903.8799545387891 184.44107678327808 4.890324289369776 9.698246575425955 0.02746733443786109 2.9709709367678916 9.318435260278886 
1.0157631082995164 721.0420841683367 905.8942234459732 184.85213927763658 4.923092521366764 9.763230860308258 0.027651394141751336 2.998448988141327 9.40087376190234 
1.010294119873153 722.6452905811624 907.9084916484027 185.26320106724026 4.956006773754316 9.828504725644589 0.027836273954680694 3.026110947029585 9.48386394595012 
1.004871757963863 724.2484969939879 909.922759159465 185.67426216547707 4.989067371481493 9.894068815854274 0.028021975702890212 3.0539576321133106 9.567408268982707 
0.9994954682117865 725.8517034068136 911.9370259922532 186.08532258543957 5.022274639492629 9.959923775347571 0.028208501212574823 3.0819898638919767 9.651509193008387 
0.9941647047935901 727.4549098196393 913.9512921595665 186.49638233992718 5.05562890272758 10.026070248525475 0.028395852309882817 3.1102084646838133 9.736169185483138 
0.9888789302603639 729.058116232465 915.9655576739278 186.90744144146288 5.089130486121705 10.092508879780622 0.028584030820920595 3.1386142586259003 9.82139071931135 
0.9836376153791839 730.6613226452906 917.979822547586 187.31849990229537 5.122779714606084 10.159240313496865 0.028773038571751727 3.1672080716741093 9.907176272845467 
0.9784402389782517 732.2645290581163 919.9940867925172 187.72955773440094 5.15657691310743 10.226265194049693 0.028962877388395494 3.1959907316030507 9.993528329886212 
0.9732862877954965 733.8677354709419 922.0083504204395 188.14061494949766 5.190522406548447 10.29358416580641 0.029153549096831387 3.2249630680061347 10.080449379682923 
0.9681752563305737 735.4709418837675 924.0226134428151 188.5516715590476 5.224616519847663 10.361197873126317 0.02934505552299785 3.2541259122955313 10.167941916933497 
0.9631066467001576 737.0741482965932 926.0368758708611 188.96272757426786 5.258859577919688 10.429106960360976 0.029537398492795415 3.283480097702201 10.256008441784715 
0.9580799684964432 738.6773547094189 928.0511377155507 189.37378300613184 5.293251905675251 10.497312071854257 0.029730579832085546 3.313026459275847 10.344651459832237 
0.953094738648793 740.2805611222445 930.0653989876186 189.78483786537404 5.327793828021259 10.565813851942412 0.029924601366690503 3.342765833884889 10.433873482120614 
0.9481504812884052 741.8837675350702 932.079659697577 190.19589216250677 5.362485669860936 10.634612944954691 0.030119464922399773 3.372699060216585 10.523677025143865 
0.9432467276159917 743.4869739478958 934.0939198557022 190.60694590780648 5.3973277560938415 10.7037099952128 0.030315172324961212 3.4028269787768 10.614064610844911 
0.9383830157723096 745.0901803607214 936.1081794720617 191.0179991113402 5.432320411616017 10.773105647031736 0.030511725400092296 3.4331504318902453 10.705038766616394 
0.933558890711549 746.6933867735471 938.1224385565032 191.42905178295612 5.46746396131999 10.8428005447195 0.030709125973473635 3.4636702637002976 10.796602025300269 
0.9287739040774515 748.2965931863728 940.136697118671 191.84010393229818 5.502758730094897 10.912795332577582 0.030907375870753973 3.494387320169107 10.888756925188336 
0.9240276140821271 749.8997995991984 942.1509551679978 192.25115556879942 5.538205042826598 10.98309065490058 0.03110647691754562 3.525302449077451 10.981506010021853 
0.9193195853874601 751.5030060120241 944.1652127137281 192.662206701704 5.573803224397669 11.05368715597703 0.03130643093943339 3.5564165000249313 11.074851828992239 
0.9146493889890939 753.1062124248497 946.1794697649029 193.07325734005326 5.609553599687428 11.124585480088914 0.031507239761966 3.587730324429748 11.168796936740542 
0.9100166021028728 754.7094188376753 948.1937263303815 193.48430749270622 5.645456493572189 11.19578627151236 0.03170890521066486 3.6192447755288844 11.263343893358234 
0.905420808053733 756.312625250501 950.207982418835 193.89535716833393 5.681512230925104 11.267290174517177 0.0319114291110192 3.650960708377979 11.358495264386582 
0.9008615961669308 757.9158316633267 952.2222380387547 194.30640637542797 5.717721136616506 11.339097833367534 0.0321148132884892 3.682878979851361 11.454253620817454 
0.8963385616616026 759.5190380761524 954.2364931984548 194.71745512230248 5.75408353551359 11.411209892321653 0.032319059568505254 3.7150004486420345 11.550621539092733 
0.8918513055465455 761.122244488978 956.2507479060803 195.12850341710228 5.79059975248085 11.483626995632264 0.032524169776470636 3.7473259752617074 11.647601601105016 
0.8873994345182147 762.7254509018036 958.2650021696088 195.53955126780517 5.827270112379937 11.55634978754657 0.03273014573776115 3.7798564220407695 11.745196394197388 
0.8829825608608476 764.3286573146293 960.279255996853 195.95059868222367 5.864094940069719 11.629378912306313 0.03293698927772469 3.8125926531282675 11.843408511163492 
0.8786003023486861 765.9318637274549 962.2935093954613 196.36164566800645 5.90107456040643 11.702715014147842 0.033144702221680616 3.845535534491865 11.942240550247616 
0.8742522821502101 767.5350701402806 964.3077623729349 196.77269223265435 5.938209298243658 11.776358737302532 0.03335328639492643 3.878685933917982 12.041695115145036 
0.8699381287343965 769.1382765531063 966.3220149366159 197.18373838350968 5.975499478432414 11.850310725996653 0.033562743622730803 3.9120447210116236 12.14177481500189 
0.8656574757788893 770.7414829659319 968.3362670936987 197.59478412776673 6.012945425821153 11.924571624451312 0.033773075730338276 3.9456127671964616 12.24248226441505 
0.8614099620800747 772.3446893787575 970.3505188512324 198.00582947247494 6.050547465255909 11.999142076882903 0.0339842845429691 3.9793909457148176 12.34382008343263 
0.8571952314649935 773.9478957915832 972.3647702161269 198.41687442454375 6.0883059215802735 12.074022727503108 0.034196371885820406 4.01338013162769 12.4457908975539 
0.8530129327050812 775.5511022044088 974.3790211951483 198.82791899073948 6.1262211196355 12.149214220518806 0.03440933958406417 4.0475812018146575 12.548397337729224 
0.8488627194316355 777.1543086172345 976.3932717949313 199.23896317769672 6.164293384260494 12.22471720013241 0.03462318946285085 4.081995034973986 12.651642040360317 
0.844744250053038 778.7575150300602 978.4075220219742 199.650006991914 6.2025230402918545 12.30053231054176 0.034837923347307086 4.116622511622527 12.755527647300124 
0.8406571876736189 780.3607214428857 980.4217718826501 200.0610504397644 6.240910412564003 12.376660195940364 0.0350535430625389 4.1514645140958075 12.860056805853105 
0.8366012000141951 781.9639278557114 982.4360213832026 200.47209352749115 6.279455825909163 12.453101500517505 0.03527005043362971 4.186521926547946 12.965232168775279 
0.8325759593341905 783.5671342685371 984.4502705297484 200.8831362612114 6.318159605157413 12.529856868457891 0.03548744728564005 4.221795634951636 13.071056394273837 
0.828581142355308 785.1703406813627 986.4645193282917 201.29417864692894 6.357022075136714 12.60692694394255 0.035705735443613586 4.257286527098294 13.177532146008033 
0.8246164301867598 786.7735470941884 988.4787677847141 201.7052206905257 6.396043560673039 12.684312371148396 0.035924916732572025 4.292995492597892 13.284662093088787 
0.8206815082519696 788.3767535070141 990.4930159047785 202.11626239776447 6.435224386590291 12.76201379424802 0.03614499297751492 4.328923422878971 13.39244891007837 
0.8167760662167289 789.9799599198396 992.5072636941375 202.5273037742978 6.474564877710367 12.840031857410409 0.036365966003423726 4.365071211188703 13.50089527699112 
0.8128997979187761 791.5831663326653 994.5215111583381 202.93834482567271 6.514065358853317 12.918367204800845 0.036587837635263416 4.401439752592934 13.610003879293412 
0.8090524012987933 793.186372745491 996.5357583028106 203.3493855573196 6.553726154837236 12.997020480580533 0.03681060969797563 4.438029943975982 13.719777407903178 
0.8052335783327172 794.7895791583167 998.5500051328864 203.7604259745698 6.5935475904783925 13.075992328907292 0.03703428401648674 4.474842684040851 13.830218559190632 
0.8014430349654171 796.3927855711423 1000.5642516537914 204.17146608264906 6.633529990591166 13.155283393935273 0.03725886241570381 4.511878873309106 13.941330034977893 
0.7976804810456487 797.995991983968 1002.5784978706491 204.58250588668116 6.67367367998827 13.234894319814993 0.03748434672051605 4.549139414120875 14.053114542539179 
0.7939456302622815 799.5991983967936 1004.5927437884874 204.99354539169386 6.713978983480501 13.314825750693652 0.03771073875579624 4.586625210634911 14.165574794600854 
0.7902382000817697 801.2024048096192 1006.6069894122336 205.40458460261434 6.75444622587709 13.39507833071495 0.037938040346398194 4.6243371688284975 14.278713509341502 
0.7865579116868215 802.8056112224449 1008.6212347467272 205.81562352428222 6.7950757319855075 13.475652704019545 0.03816625331716256 4.66227619649758 14.392533410392177 
0.782904489916275 804.4088176352706 1010.635479796709 206.22666216143838 6.835867826611577 13.556549514744448 0.03839537949291039 4.700443203256593 14.50703722683586 
0.7792776632061118 806.0120240480962 1012.6497245668313 206.63770051873502 6.876822834559499 13.637769407023653 0.03862542069844715 4.738839100538568 14.62222769320806 
0.7756771635316069 807.6152304609219 1014.6639690616585 207.0487386007365 6.917941080631906 13.719313024988093 0.03885637875856324 4.77746480159511 14.738107549496792 
0.7721027263505905 809.2184368737475 1016.6782132856703 207.4597764119228 6.959222889629839 13.80118101276553 0.039088255498034664 4.81632122149641 14.85467954114239 
0.7685540905477898 810.8216432865731 1018.692457243259 207.87081395668588 7.0006685863528455 13.883374014480765 0.039321052741620136 4.855409277131186 14.971946419037781 
0.765030998380226 812.4248496993988 1020.706700938736 208.28185123933721 7.042278495598912 13.965892674255675 0.03955477231406491 4.894729887206743 15.089910939528414 
0.7615331954236535 814.0280561122245 1022.7209443763284 208.69288826410389 7.084052942164647 14.048737636208973 0.039789416040097725 4.9342839722488865 15.20857586441215 
0.7580604305199917 815.6312625250501 1024.735187560192 209.10392503514169 7.125992250845124 14.131909544456994 0.04002498574443741 4.9740724546021 15.327943960939882 
0.754612455725779 817.2344689378758 1026.7494304943964 209.51496155652052 7.168096746434083 14.215409043112855 0.040261483251784226 5.014096258429285 15.448018001814816 
0.7511890262615698 818.8376753507014 1028.7636731829357 209.92599783223437 7.210366753723737 14.299236776286971 0.04049891038682427 5.0543563097119035 15.568800765192808 
0.7477899004622728 820.440881763527 1030.7779156297381 210.337033866211 7.25280259750509 14.383393388087493 0.0407372689742349 5.0948535362500795 15.690295034683038 
0.7444148397284481 822.0440881763527 1032.7921578386508 210.7480696622981 7.295404602567717 14.46787952261939 0.04097656083867611 5.13558886766236 15.81250359934685 
0.7410636084784809 823.6472945891784 1034.8063998134537 211.1591052242754 7.338173093699882 14.552695823985395 0.04121678780479661 5.1765632353858875 15.93542925369882 
0.7377359741016534 825.2505010020041 1036.820641557857 211.57014055585284 7.3811083956886065 14.637842936285528 0.041457951697232126 5.217777572676346 16.05907479770623 
0.7344317069120854 826.8537074148297 1038.8348830755003 211.98117566067054 7.424210833319609 14.723321503617385 0.041700054340604864 5.259232814607922 16.18344303678935 
0.7311505801035222 828.4569138276553 1040.8491243699577 212.39221054230242 7.467480731377338 14.80913217007605 0.04194309755952524 5.300929898073344 16.308536781821303 
0.7278923697049523 830.060120240481 1042.8633654447387 212.8032452042577 7.51091841464507 14.89527557975435 0.04218708317859189 5.342869761783887 16.434358849128408 
0.7246568545370379 831.6633266533066 1044.8776063032897 213.214279649983 7.554524207904886 14.981752376742595 0.04243201302239243 5.3850533462693715 16.560912060489837 
0.7214438161693522 833.2665330661323 1046.891846948991 213.62531388285876 7.598298435937646 15.068563205128745 0.04267788891550061 5.427481593878087 16.688199243137767 
0.7182530388783752 834.869739478958 1048.9060873851658 214.03634790620794 7.642241423523061 15.155708708998706 0.04292471268248108 5.470155448776917 16.816223229757686 
0.7150843096062747 836.4729458917836 1050.9203276150743 214.44738172329068 7.686353495439775 15.243189532435943 0.04317248614788568 5.513075856951216 16.94498685848806 
0.7119374179204203 838.0761523046092 1052.934567641915 214.8584153373059 7.730634976465243 15.331006319521743 0.04342121113625388 5.556243766204819 17.074492972920467 
0.7088121559736215 839.6793587174349 1054.9488074688377 215.26944875140276 7.775086191375871 15.419159714335374 0.043670889472118925 5.5996601261602095 17.204744422099864 
0.7057083184651092 841.2825651302605 1056.9630470989266 215.680481968666 7.819707464946955 15.507650360953924 0.043921522979998566 5.643325888258255 17.335744060524327 
0.7026257026021849 842.8857715430862 1058.977286535217 216.0915149921309 7.864499121952762 15.596478903452317 0.04417311348440376 5.687242005758423 17.467494748145118 
0.6995641080625824 844.4889779559119 1060.9915257806847 216.50254782477288 7.909461487166504 15.68564598590355 0.04442566280983192 5.731409433738619 17.59999935036689 
0.6965233369574799 846.0921843687375 1063.0057648382576 216.91358046952007 7.954594885360418 15.775152252378511 0.044679172780773595 5.775829129095332 17.733260738047534 
0.6935031937951932 847.6953907815631 1065.0200037108052 217.32461292924202 7.99989964130568 15.864998346946214 0.04493364522170545 5.820502050543456 17.867281787498335 
0.6905034854454815 849.2985971943888 1067.0342424011558 217.7356452067671 8.04537607977253 15.955184913673758 0.04518908195710066 5.865429158616547 18.002065380484016 
0.6875240211045262 850.9018036072144 1069.048480912078 218.14667730486352 8.091024525530237 16.045712596626256 0.04544548481141595 5.910611415666513 18.137614404222596 
0.6845646122604881 852.5050100200401 1071.0627192462957 218.55770922625553 8.136845303347089 16.136582039866948 0.04570285560910267 5.956049785863818 18.273931751385476 
0.6816250726596953 854.1082164328658 1073.0769574064839 218.9687409736182 8.182838737990517 16.227793887457256 0.04596119617460128 6.001745235197415 18.4110203200976 
0.6787052182734098 855.7114228456915 1075.0911953952736 219.37977254958219 8.229005154226952 16.319348783456896 0.0462205083323452 6.0476987314748065 18.548883013937427 
0.6758048672651866 857.314629258517 1077.105433215248 219.79080395673097 8.275344876822002 16.411247371923757 0.04648079390675817 6.0939112443219505 18.687522741936935 
0.672923839958799 858.9178356713427 1079.119670868942 220.20183519759922 8.321858230540318 16.50349029691387 0.04674205472225259 6.140383745183254 18.826942418581417 
0.6700619588067137 860.5210420841684 1081.1339083588489 220.61286627468044 8.368545540145744 16.59607820248169 0.047004292603234576 6.18711720732166 18.967144963809925 
0.6672190483591165 862.124248496994 1083.148145687423 221.02389719042895 8.415407130401226 16.689011732680182 0.04726750937410435 6.234112605818666 19.108133303015283 
0.6643949352334879 863.7274549098197 1085.1623828570691 221.43492794724938 8.462443326068966 16.78229153156015 0.047531706859248964 6.281370917574145 19.24991036704341 
0.6615894480846811 865.3306613226453 1087.1766198701519 221.8459585475066 8.509654451910173 16.87591824317114 0.04779688688304882 6.328893121306474 19.39247909219414 
0.6588024175755234 866.9338677354709 1089.1908567289986 222.25698899352776 8.557040832685402 16.969892511561184 0.04806305126987816 6.376680197552589 19.535842420221154 
0.6560336763479288 868.5370741482966 1091.2050934358942 222.66801928759773 8.604602793154383 17.06421498077644 0.048330201844101466 6.424733128667853 19.68000329833146 
0.6532830589944958 870.1402805611223 1093.2193299930846 223.0790494319624 8.652340658075959 17.15888629486177 0.048598340430076645 6.473052898826116 19.824964679185925 
0.6505504020305917 871.7434869739479 1095.233566402777 223.4900794288289 8.70025475220837 17.25390709786027 0.048867468852152714 6.52164049401971 19.97072952089903 
0.6478355438669129 873.3466933867736 1097.2478026671406 223.90110928036705 8.748345400308978 17.349278033813896 0.04913758893467234 6.570496902059442 20.117300787039223 
0.6451383247825084 874.9498997995992 1099.2620387883103 224.31213898871113 8.796612927134438 17.444999746762953 0.04940870250197094 6.619623112574627 20.264681446628593 
0.6424585868982641 876.5531062124248 1101.2762747683817 224.72316855595673 8.845057657440703 17.541072880746256 0.04968081137837579 6.669020117013019 20.41287447414293 
0.6397961741508273 878.1563126252505 1103.290510609416 225.1341979841656 8.893679915982942 17.637498079801272 0.0499539173882079 6.718688908640859 20.561882849511882 
0.637150932266977 879.7595190380762 1105.3047463134383 225.54522727536204 8.94248002751565 17.734275987964036 0.05022802235577946 6.768630482542831 20.711709558118862 
0.6345227087384164 881.3627254509018 1107.3189818824417 225.9562564315398 8.991458316792707 17.831407249269237 0.05050312810539826 6.818845835622139 20.862357590801256 
0.6319113527969948 882.9659318637275 1109.3332173183842 226.36728545465672 9.040615108567186 17.928892507750316 0.05077923646136418 6.869335966600425 21.013829943850254 
0.6293167153903373 884.5691382765531 1111.3474526231926 226.77831434663938 9.089950727591571 18.02673240743926 0.05105634924797098 6.920101876017827 21.1661296190109 
0.6267386491578831 886.1723446893787 1113.3616877987579 227.18934310937908 9.139465498617636 18.12492759236677 0.051334468289503825 6.971144566232891 21.319259623482093 
0.6241770084073179 887.7755511022044 1115.3759228469446 227.60037174474022 9.18915974639656 18.22347870656243 0.051613595410245225 7.022465041422716 21.473222969916865 
0.6216316490914026 889.3787575150301 1117.3901577695817 228.01140025455172 9.239033795678832 18.32238639405427 0.0518937324344677 7.07406430758278 21.628022676421796 
0.619102428785177 890.9819639278558 1119.404392568469 228.4224286406132 9.28908797121434 18.42165129886934 0.05217488118643885 7.1259433725270585 21.783661766557746 
0.6165892066635412 892.5851703406814 1121.4186272453774 228.83345690469602 9.339322597752323 18.521274065033317 0.052457043490421254 7.178103245887997 21.94014326933933 
0.6140918434792082 894.188376753507 1123.4328618020486 229.2444850485416 9.389738000041495 18.621255336570982 0.05274022117067071 7.230544939116497 22.09747021923556 
0.6116102015410149 895.7915831663327 1125.4470962401942 229.65551307386153 9.440334502829879 18.721595757505415 0.05302441605143653 7.2832694654819115 22.255645656168774 
0.6091441446925857 897.3947895791583 1127.4613305614982 230.06654098233994 9.491112430864968 18.822295971859013 0.053309629956962395 7.3362778400720465 22.41467262551591 
0.606693538291346 898.997995991984 1129.4755647676175 230.47756877563347 9.54207210889365 18.9233566236528 0.05359586471148735 7.389571079793177 22.57455417810764 
0.6042582491878762 900.6012024048097 1131.4897988601806 230.888596455371 9.59321386166223 19.024778356906758 0.053883122139243275 7.443150203370019 22.735293370228796 
0.6018381457055999 902.2044088176353 1133.5040328407893 231.2996240231539 9.644538013916545 19.126561815639683 0.05417140406445657 7.49701623134573 22.89689326361821 
0.5994330976207956 903.8076152304609 1135.5182667110232 231.7106514805623 9.696044890401703 19.228707643869473 0.054460712311351495 7.551170186082002 23.059356925468894 
0.5970429761429447 905.4108216432866 1137.5325004724282 232.1216788291417 9.7477348158625 19.331216485612625 0.05475104870414063 7.605613091758822 23.22268742842774 
0.5946676538953742 907.0140280561122 1139.5467341265328 232.53270607042046 9.799608115043018 19.434088984884948 0.05504241506703701 7.660345974374777 23.386887850596025 
0.5923070048962275 908.6172344689379 1141.5609676748377 232.94373320589986 9.851665112686899 19.537325785701146 0.05533481322424663 7.715369861746847 23.55196127552912 
0.5899609045397354 910.2204408817636 1143.575201118816 233.35476023705243 9.903906133537227 19.640927532074496 0.05562824499996742 7.770685783510391 23.71791079223604 
0.5876292295777712 911.8236472945893 1145.589434459927 233.7657871653377 9.956331502336612 19.744894868018 0.05592271221839996 7.8262947711194055 23.884739495180803 
0.5853118581017297 913.4268537074148 1147.603667699594 234.1768139921792 10.008941543827094 19.849228437543093 0.05621821670373084 7.882197857846104 24.05245048428086 
0.5830086695246597 915.0300601202405 1149.617900839225 234.5878407189846 10.061736582750429 19.953928884660392 0.05651476028014675 7.938396078781272 24.221046864908214 
0.5807195445637019 916.6332665330661 1151.6321338802038 234.99886734713772 10.114716943847565 20.058996853379654 0.05681234477182892 7.994890470834117 24.39053174788885 
0.5784443652227947 918.2364729458918 1153.6463668238932 235.40989387800138 10.16788295185924 20.16443298770963 0.05711097200295439 8.05168207273232 24.560908249503147 
0.5761830147756576 919.8396793587175 1155.6605996716316 235.8209203129141 10.221234931525641 20.270237931658176 0.057410643797694144 8.108771925021934 24.732179491485617 
0.5739353777490362 921.4428857715432 1157.6748324247362 236.23194665319306 10.274773207586431 20.376412329232124 0.05771136198021399 8.16616107006746 24.904348601024854 
0.5717013399062097 923.0460921843687 1159.6890650845087 236.64297290014002 10.3284981047809 20.482956824437785 0.05801312837467938 8.223850552051951 25.07741871076416 
0.5694807882307656 924.6492985971944 1161.7032976522223 237.05399905502782 10.382409947847872 20.589872061279976 0.05831594480524586 8.281841416976743 25.251392958800405 
0.5672736109106148 926.2525050100201 1163.717530129134 237.465025119114 10.43650906152566 20.697158683763156 0.05861981309606747 8.340134712661678 25.42627448868521 
0.5650796973222607 927.8557114228457 1165.7317625164826 237.8760510936369 10.4907957705523 20.8048173358907 0.058924735071294816 8.39873148874507 25.602066449424363 
0.5628989380153138 929.4589178356714 1167.7459948154858 238.28707697981446 10.545270399665236 20.91284866166526 0.05923071255507327 8.45763279668365 25.77877199547793 
0.5607312246972468 931.0621242484971 1169.760227027338 238.698102778841 10.599933273601593 21.02125330508857 0.05953774737154144 8.51683968975248 25.956394286760258 
0.5585764502183733 932.6653306613226 1171.7744591532248 239.10912849190217 10.654784717098043 21.13003191016164 0.059845841344840486 8.576353223045267 26.134936488640065 
0.5564345085570791 934.2685370741483 1173.7886911943028 239.52015412015444 10.709825054890867 21.239185120884546 0.06015499629910006 8.636174453473933 26.31440177194027 
0.5543052948052593 935.871743486974 1175.8029231517141 239.9311796647402 10.765054611715936 21.348713581256437 0.060465214058448444 8.69630443976891 26.494793312937922 
0.5521887051539852 937.4749498997996 1177.8171550265881 240.34220512678843 10.820473712308685 21.458617935276333 0.060776496447013925 8.756744242479169 26.676114293365167 
0.5500846368794006 939.0781563126253 1179.83138682003 240.7532305074047 10.87608268140421 21.56889882694173 0.061088845288916095 8.817494923971957 26.85836790040765 
0.5479929883288173 940.6813627254509 1181.84561853313 241.16425580767915 10.931881843737294 21.679556900249835 0.061402262408271825 8.878557548433005 27.041557326705973 
0.5459136589070317 942.2845691382765 1183.8598501669612 241.57528102868477 10.987871524042191 21.790592799196748 0.061716749629194816 8.939933181866477 27.225685770354545 
0.5438465490628417 943.8877755511022 1185.874081722585 241.98630617148282 11.044052047052901 21.90200716777853 0.06203230877579783 9.001622892095057 27.410756434903103 
0.5417915602757826 945.4909819639279 1187.8883132010371 242.39733123710926 11.100423737502982 22.013800649989523 0.06234894167218389 9.063627748759645 27.596772529354496 
0.5397485950430418 947.0941883767536 1189.902544603342 242.80835622658853 11.156986920125707 22.125973889824024 0.06266665014245543 9.12594882331969 27.783737268166863 
0.5377175568665834 948.6973947895792 1191.9167759305124 243.21938114093305 11.213741919653884 22.238527531275604 0.06298543601071419 9.188587189053136 27.97165387125258 
0.5356983502404687 950.3006012024048 1193.9310071835398 243.63040598113514 11.270689060820118 22.351462218337034 0.06330530110105559 9.251543921056241 28.160525563978474 
0.5336908806383566 951.9038076152304 1195.945238363404 244.04143074817367 11.327828668356512 22.464778595000364 0.06362624723757203 9.314820096243741 28.3503555771656 
0.5316950545012021 953.5070140280561 1197.959469471065 244.45245544300886 11.385161066994986 22.578477305256897 0.06394827624435005 9.378416793348705 28.541147147089482 
0.5297107792251233 955.1102204408818 1199.9737005074762 244.8634800665945 11.442686581467031 22.692558993097556 0.06427138994547936 9.4423350929228 28.732903515480352 
0.5277379631494676 956.7134268537075 1201.987931473569 245.2745046198615 11.50040553650375 22.807024302512467 0.06459559016503973 9.506576077335936 28.925627929522662 
0.5257765155450382 958.3166332665331 1204.002162370264 245.68552910373074 11.558318256836126 22.921873877490892 0.06492087872711083 9.571140830776523 29.11932364185524 
0.5238263466025035 959.9198396793587 1206.0163931984696 246.09655351911096 11.616425067194577 23.037108362021936 0.0652472574557706 9.636030439251433 29.31399391057172 
0.5218873674209797 961.5230460921844 1208.030623959074 246.50757786688973 11.674726292309398 23.15272840009354 0.06557472817508841 9.701245990585804 29.509641999219753 
0.5199594899967696 963.12625250501 1210.0448546529622 246.91860214795219 11.7332222569105 23.268734635693583 0.06590329270913863 9.766788574423424 29.70627117680205 
0.5180426272122851 964.7294589178357 1212.0590852809946 247.329626363159 11.791913285727446 23.385127712808867 0.06623295288198384 9.832659282226253 29.903884717775224 
0.5161366928251139 966.3326653306614 1214.0733158440275 247.7406505133662 11.850799703489567 23.50190827542599 0.06656371051769007 9.898859207274846 30.10248590205091 
0.514241601457258 967.935871743487 1216.087546342901 248.15167459941406 11.909881834925867 23.619076967530756 0.06689556744031878 9.965389444668112 30.30207801499499 
0.5123572685845256 969.5390781563126 1218.1017767784429 248.56269862213028 11.969160004765063 23.73663443310836 0.0672285254739278 10.032251091323381 30.50266434742781 
0.5104836105260759 971.1422845691383 1220.1160071514694 248.97372258233116 12.02863453773561 23.854581316143573 0.06756258644257314 10.099445245976407 30.70424819562444 
0.5086205444341207 972.7454909819639 1222.1302374627805 249.38474648081666 12.088305758565603 23.972918260620308 0.06789775217030429 10.166973009181275 30.90683286131407 
0.5067679882837668 974.3486973947896 1224.14446771317 249.79577031838028 12.148173991982956 24.091645910522367 0.068234024481173 10.234835483310599 31.110421651681033 
0.5049258608630132 975.9519038076153 1226.1586979034173 250.2067940958019 12.208239562715205 24.210764909832708 0.06857140519922585 10.303033772555363 31.31501787936376 
0.5030940817628883 977.555110220441 1228.1729280342915 250.61781781385068 12.268502795489686 24.33027590253397 0.0689098961485083 10.371568982924977 31.520624862455573 
0.5012725713677336 979.1583166332665 1230.1871581065477 251.02884147328118 12.32896401503347 24.450179532607958 0.06924949915306024 10.440442222247205 31.727245924503958 
0.49946125084561943 980.7615230460922 1232.20138812093 251.43986507483774 12.389623546073325 24.570476444035986 0.06959021603691888 10.509654600168224 31.93488439451099 
0.4976600421389016 982.3647294589179 1234.2156180781767 251.8508886192588 12.4504817133358 24.6911672807993 0.06993204862412424 10.579207228152747 32.1435436069339 
0.49586886795491847 983.9679358717435 1236.2298479790102 252.2619121072667 12.511538841547132 24.81225268687813 0.07027499873870828 10.649101219483768 32.35322690168382 
0.4940876517568118 985.5711422845692 1238.244077824143 252.67293553957379 12.572795255433292 24.93373330625246 0.07061906820470205 10.719337689262717 32.56393762412675 
0.49231631775448137 987.1743486973949 1240.2583076142814 253.08395891688653 12.634251279720152 25.055609782902014 0.07096425884613676 10.78991775440952 32.77567912508373 
0.49055479089567405 988.7775551102204 1242.2725373501123 253.49498223989187 12.695907239133192 25.17788276080517 0.07131057248703454 10.860842533662298 32.988454760829185 
0.488802996857184 990.3807615230461 1244.2867670323255 253.90600550927945 12.757763458397605 25.300552883941062 0.0716580109514249 10.932113147577901 33.20226789309364 
0.48706086203619975 991.9839679358718 1246.3009966615862 254.3170287257145 12.819820262238583 25.423620796287096 0.07200657606332302 11.00373071853121 33.4171218890609 
0.4853283135417459 993.5871743486974 1248.3152262385638 254.7280518898663 12.882077975380756 25.547087141821358 0.07235626964675378 11.075696370715868 33.63302012137047 
0.48360527918627155 995.1903807615231 1250.3294557639085 255.13907500238543 12.944536922548824 25.67095256452052 0.07270709352573163 11.148011230143686 33.849965968115605 
0.4818916874773393 996.7935871743488 1252.3436852382636 255.5500980639147 13.007197428467112 25.795217708361385 0.07305904952427074 11.220676424644923 34.06796281284478 
0.4801874676094356 998.3967935871743 1254.3579146622656 255.9611210750911 13.070059817859674 25.91988321732024 0.07341213946638508 11.29369308386834 34.28701404456095 
0.47849254945589653 1000.0 1256.372144036542 256.37214403654195 13.133124415450487 26.044949735372807 0.0737663651760864 11.367062339281079 34.5071230577217 
