P M R omega20 omega21 omega22 nu
1e-05 1.6623463247632606 46.94928758090553 -1.6100704669952393e-05 0.00019441545009613037 0.0005135759711265564 1 
1.0596045851707459e-05 1.6577394224899185 46.53081089772127 -1.8619000911712646e-05 0.00019633769989013672 0.0005203112959861755 1 
1.1192091703414919e-05 1.653033712843692 46.14108714170471 -2.1167099475860596e-05 0.0002013370394706726 0.0005349889397621155 1 
1.1788137555122377e-05 1.648258631713304 45.7770933175466 -2.3774802684783936e-05 0.00020244717597961426 0.0005398169159889221 1 
1.2384183406829836e-05 1.6434375955600167 45.436215079998824 -2.644956111907959e-05 0.0002050846815109253 0.000548146665096283 1 
1.2980229258537294e-05 1.6385889967623506 45.116126825829724 -2.9131770133972168e-05 0.00020497292280197144 0.0005492344498634338 1 
1.3576275110244752e-05 1.6337253227923036 44.81396457364624 -3.173947334289551e-05 0.00020812451839447021 0.000559099018573761 1 
1.417232096195221e-05 1.628867051103781 44.52788251330819 -3.4302473068237305e-05 0.00021041929721832275 0.0005662515759468079 1 
1.4768366813659669e-05 1.6240288681193567 44.256581502139696 -3.688782453536987e-05 0.0002119019627571106 0.0005717352032661438 1 
1.5364412665367126e-05 1.6192208024239343 43.99890108600965 -3.953278064727783e-05 0.00021298229694366455 0.0005766749382019043 1 
1.5960458517074586e-05 1.614450035475107 43.75379798370369 -4.210323095321655e-05 0.0002147182822227478 0.0005818456411361694 1 
1.6556504368782046e-05 1.6097219193252055 43.52033318462764 -4.474073648452759e-05 0.00021573156118392944 0.0005863606929779053 1 
1.7152550220489502e-05 1.6050404070729547 43.297658733986474 -4.743039608001709e-05 0.00021442025899887085 0.0005843713879585266 1 
1.774859607219696e-05 1.600408507414825 43.085010131778404 -5.00604510307312e-05 0.00021810084581375122 0.0005952939391136169 1 
1.834464192390442e-05 1.5958284230624418 42.8816914062842 -5.2772462368011475e-05 0.00021781772375106812 0.0005968809127807617 1 
1.894068777561188e-05 1.591301751775976 42.687073770260085 -5.545467138290405e-05 0.0002198144793510437 0.00060310959815979 1 
1.9536733627319335e-05 1.5868254177813683 42.50033904927654 -5.8069825172424316e-05 0.0002183467149734497 0.0006007105112075806 1 
2.0132779479026792e-05 1.582387076791775 42.31978168265859 -6.0424208641052246e-05 0.00021992623805999756 0.0006055161356925964 1 
2.0728825330734252e-05 1.5779962719286091 42.14491879898068 -6.270408630371094e-05 0.00022079050540924072 0.0006100311875343323 1 
2.1324871182441712e-05 1.5736597479023202 41.97549417041977 -6.493180990219116e-05 0.0002213791012763977 0.0006123483180999756 1 
2.1920917034149172e-05 1.5693813993802175 41.81126940960243 -6.70701265335083e-05 0.00022336095571517944 0.0006178617477416992 1 
2.2516962885856632e-05 1.5651634343459082 41.65201938500077 -6.922334432601929e-05 0.00022421032190322876 0.0006221532821655273 1 
2.311300873756409e-05 1.5610070399900176 41.49753359018456 -7.136911153793335e-05 0.00022524595260620117 0.0006262734532356262 1 
2.3709054589271545e-05 1.556912602047211 41.347609337373775 -7.347762584686279e-05 0.00022584199905395508 0.0006279200315475464 1 
2.4305100440979005e-05 1.5528800204860091 41.20205762685685 -7.558614015579224e-05 0.00022736936807632446 0.0006331875920295715 1 
2.4901146292686465e-05 1.5489088170948853 41.06069521710809 -7.769465446472168e-05 0.0002284422516822815 0.0006362050771713257 1 
2.5497192144393922e-05 1.5449982459878928 40.9233484101402 -7.983297109603882e-05 0.00022890418767929077 0.0006394833326339722 1 
2.609323799610138e-05 1.5411473925299133 40.78985599010651 -8.192658424377441e-05 0.00023014843463897705 0.0006426870822906494 1 
2.668928384780884e-05 1.537355207617534 40.66005907436825 -8.407235145568848e-05 0.00023089349269866943 0.0006464794278144836 1 
2.72853296995163e-05 1.5336205158752083 40.53380972576207 -8.620321750640869e-05 0.00023087114095687866 0.000647619366645813 1 
2.7881375551223755e-05 1.5299421691703756 40.41096898453213 -8.832663297653198e-05 0.00023344159126281738 0.0006565004587173462 1 
2.8477421402931212e-05 1.5263189204020289 40.29140101211804 -9.047985076904297e-05 0.00023529678583145142 0.0006629973649978638 1 
2.9073467254638672e-05 1.5227309271038934 40.174174904249824 -9.221583604812622e-05 0.00023580342531204224 0.0006650164723396301 1 
2.9669513106346132e-05 1.5191646100744376 40.05823906545392 -9.366124868392944e-05 0.00023709982633590698 0.0006693974137306213 1 
3.026555895805359e-05 1.515628575916287 39.94356907116008 -9.494274854660034e-05 0.00023762136697769165 0.0006700381636619568 1 
3.0861604809761045e-05 1.5121282394633164 39.83016318996622 -9.607523679733276e-05 0.0002377033233642578 0.000669531524181366 1 
3.1457650661468505e-05 1.50866739328622 39.71802408885799 -9.720027446746826e-05 0.0002398267388343811 0.0006777122616767883 1 
3.2053696513175965e-05 1.5052486915843444 39.607157385336606 -9.818375110626221e-05 0.00024115294218063354 0.0006791874766349792 1 
3.2649742364883425e-05 1.501874029226065 39.49756868568359 -9.919703006744385e-05 0.00024387240409851074 0.0006902292370796204 1 
3.3245788216590885e-05 1.4985446837396277 39.389260858269296 -0.00010012835264205933 0.00024300068616867065 0.0006857290863990784 1 
3.3841834068298345e-05 1.4952614802151964 39.282240505377466 -0.00010104477405548096 0.00024449825286865234 0.0006896257400512695 1 
3.4437879920005805e-05 1.4920249089424988 39.17650485756399 -0.00010195374488830566 0.0002455189824104309 0.0006943419575691223 1 
3.5033925771713265e-05 1.4888351331134724 39.072054268572494 -0.0001028403639793396 0.0002467110753059387 0.0006980225443840027 1 
3.5629971623420725e-05 1.4856921242249066 38.96888641379375 -0.00010370463132858276 0.0002484843134880066 0.0007033273577690125 1 
3.622601747512818e-05 1.4825956328945595 38.866998957003084 -0.00010458379983901978 0.00025219470262527466 0.0007146373391151428 1 
3.682206332683563e-05 1.4795453264244518 38.76638595298855 -0.0001054033637046814 0.00025213509798049927 0.0007116422057151794 1 
3.741810917854309e-05 1.4765406761544266 38.667038648403185 -0.00010628998279571533 0.000255778431892395 0.0007245242595672607 1 
3.801415503025055e-05 1.4735811345092467 38.56895281792559 -0.0001071244478225708 0.00025372207164764404 0.0007186010479927063 1 
3.861020088195801e-05 1.470666010504829 38.472116167836326 -0.0001079663634300232 0.00025697797536849976 0.000726059079170227 1 
3.920624673366547e-05 1.467794637853505 38.376520860769716 -0.0001088455319404602 0.00025851279497146606 0.0007332637906074524 1 
3.980229258537293e-05 1.464966243596103 38.282155781429644 -0.00010967254638671875 0.0002606511116027832 0.0007382780313491821 1 
4.039833843708039e-05 1.4621781901084157 38.188939609318275 -0.00011050701141357422 0.0002618134021759033 0.0007413849234580994 1 
4.0994384288787845e-05 1.4594106695560785 38.0960186978877 -0.0001109689474105835 0.0002624988555908203 0.0007446110248565674 1 
4.15904301404953e-05 1.4566629248137697 38.003145839557334 -0.00011119991540908813 0.0002639368176460266 0.0007477030158042908 1 
4.218647599220276e-05 1.4539387813922653 37.91033822403471 -0.00011130422353744507 0.00026560574769973755 0.0007507801055908203 1 
4.278252184391022e-05 1.4512409938299755 37.81761914798899 -0.00011136382818222046 0.0002669021487236023 0.0007542520761489868 1 
4.337856769561768e-05 1.4485717104371747 37.7250140636698 -0.00011136382818222046 0.0002679601311683655 0.0007583349943161011 1 
4.397461354732514e-05 1.4459326146484175 37.632551190501275 -0.00011125952005386353 0.00027017295360565186 0.0007643550634384155 1 
4.45706593990326e-05 1.4433250477675466 37.54025917826898 -0.00011120736598968506 0.0002747476100921631 0.0007774904370307922 1 
4.516670525074006e-05 1.440750050100751 37.44816204551882 -0.00011101365089416504 0.000276714563369751 0.0007818713784217834 1 
4.576275110244751e-05 1.4382084628889862 37.35628783710315 -0.00011082738637924194 0.00027758628129959106 0.000782795250415802 1 
4.6358796954154964e-05 1.4357009355629946 37.26466110786043 -0.00011061131954193115 0.0002786591649055481 0.0007845759391784668 1 
4.6954842805862424e-05 1.4332279275940618 37.17330556479958 -0.00011038780212402344 0.0002821311354637146 0.000794142484664917 1 
4.7550888657569884e-05 1.430789776384164 37.08224408522349 -0.00011017918586730957 0.00028511136770248413 0.0008024722337722778 1 
4.8146934509277344e-05 1.4283866946764734 36.991500052883005 -0.00010991096496582031 0.0002851635217666626 0.0008016452193260193 1 
4.8742980360984804e-05 1.4260188110158993 36.90109318792754 -0.0001096576452255249 0.0002889111638069153 0.0008129104971885681 1 
4.9339026212692264e-05 1.4236861268987404 36.81104191608606 -0.00010942667722702026 0.0002902373671531677 0.0008163079619407654 1 
4.9935072064399724e-05 1.4213886109823712 36.72136742389996 -0.00010910630226135254 0.00029112398624420166 0.0008187443017959595 1 
5.053111791610718e-05 1.4191261411175502 36.6320871037914 -0.00010886788368225098 0.0002944543957710266 0.0008286088705062866 1 
5.112716376781463e-05 1.4168985245897892 36.54321567837979 -0.00010855495929718018 0.000295884907245636 0.0008309707045555115 1 
5.172320961952209e-05 1.4147055340377368 36.45477052514317 -0.00010832399129867554 0.0002987906336784363 0.0008372589945793152 1 
5.231925547122955e-05 1.4125468815860285 36.366764114904896 -0.00010798126459121704 0.0003030523657798767 0.0008511990308761597 1 
5.291530132293701e-05 1.410422232621069 36.279210088552674 -0.00010768324136734009 0.00030156970024108887 0.0008457377552986145 1 
5.351134717464447e-05 1.4083259497508402 36.19185849107389 -0.0001072809100151062 0.0003056749701499939 0.0008548572659492493 1 
5.410739302635193e-05 1.4062531310783803 36.10440540402579 -0.0001067817211151123 0.00030943751335144043 0.0008677467703819275 1 
5.470343887805939e-05 1.4042055062413392 36.01686799435914 -0.00010610371828079224 0.0003093034029006958 0.000864468514919281 1 
5.529948472976685e-05 1.4021843192620382 35.92927307353258 -0.00010546296834945679 0.0003122389316558838 0.0008720755577087402 1 
5.589553058147431e-05 1.4001905437740454 35.84164044906474 -0.00010479241609573364 0.0003164038062095642 0.0008849725127220154 1 
5.649157643318177e-05 1.3982248982700107 35.75399439873268 -0.00010401755571365356 0.0003183335065841675 0.0008866786956787109 1 
5.708762228488923e-05 1.3962879912750978 35.66635722764492 -0.00010324269533157349 0.0003191158175468445 0.0008900091052055359 1 
5.7683668136596684e-05 1.3943802944032688 35.578748196657564 -0.0001023709774017334 0.00032439082860946655 0.0009012818336486816 1 
5.827971398830414e-05 1.3925021989465267 35.491194857990166 -0.00010165572166442871 0.0003281310200691223 0.0009145289659500122 1 
5.88757598400116e-05 1.390653968517025 35.403713770636124 -0.000100649893283844 0.0003281906247138977 0.0009106844663619995 1 
5.947180569171906e-05 1.3888358426849658 35.31633000863288 -9.997189044952393e-05 0.00033020973205566406 0.0009171813726425171 1 
6.006785154342652e-05 1.3870479289276227 35.22905874975495 -9.885430335998535e-05 0.00033536553382873535 0.0009283125400543213 1 
6.066389739513398e-05 1.3852903508156529 35.141923791885326 -9.819120168685913e-05 0.00033865123987197876 0.000940270721912384 1 
6.125994324684144e-05 1.3835630985525267 35.05494097288499 -9.728223085403442e-05 0.00034243613481521606 0.0009476542472839355 1 
6.18559890985489e-05 1.3818661883740684 34.96812812675692 -9.638071060180664e-05 0.00034164637327194214 0.0009457394480705261 1 
6.245203495025636e-05 1.380199563663297 34.88150660691713 -9.537488222122192e-05 0.00034455955028533936 0.0009515956044197083 1 
6.304808080196382e-05 1.37856308876387 34.795090273648576 -9.447336196899414e-05 0.0003483816981315613 0.0009597465395927429 1 
6.364412665367126e-05 1.3769566933633495 34.70889503698744 -9.375065565109253e-05 0.00035084784030914307 0.0009685978293418884 1 
6.424017250537872e-05 1.3753801871460907 34.62293691742235 -9.269267320632935e-05 0.0003547072410583496 0.0009773969650268555 1 
6.483621835708618e-05 1.3738333819480568 34.537230653752026 -9.187310934066772e-05 0.00035849958658218384 0.0009851828217506409 1 
6.543226420879364e-05 1.3723160455036671 34.45179024754759 -9.085983037948608e-05 0.00036100298166275024 0.0009933561086654663 1 
6.60283100605011e-05 1.3708279742299565 34.366631827937816 -8.993595838546753e-05 0.0003637149930000305 0.0010003596544265747 1 
6.662435591220856e-05 1.3693682516845138 34.28172279014644 -8.907914161682129e-05 0.0003666728734970093 0.0010067671537399292 1 
6.722040176391602e-05 1.3679340207763138 34.196867435290635 -8.803606033325195e-05 0.0003698021173477173 0.001013055443763733 1 
6.781644761562348e-05 1.366525407854934 34.11205487147312 -8.694827556610107e-05 0.0003730356693267822 0.0010195821523666382 1 
6.841249346733094e-05 1.365142927068934 34.02730137120699 -8.58604907989502e-05 0.0003754347562789917 0.0010264813899993896 1 
6.90085393190384e-05 1.3637867826057715 33.94262372327321 -8.480995893478394e-05 0.00037810206413269043 0.0010338947176933289 1 
6.960458517074586e-05 1.3624572344006391 33.858039473544736 -8.355826139450073e-05 0.0003817752003669739 0.0010431557893753052 1 
7.020063102245332e-05 1.3611543425394068 33.77356714771445 -8.24853777885437e-05 0.0003867223858833313 0.0010559037327766418 1 
7.079667687416078e-05 1.3598782323233132 33.68921725075347 -8.135288953781128e-05 0.00039295852184295654 0.0010724663734436035 1 
7.139272272586823e-05 1.358628934657797 33.60500918444989 -8.002668619155884e-05 0.0003954693675041199 0.0010771602392196655 1 
7.198876857757569e-05 1.3574064198381748 33.52095523150674 -7.893145084381104e-05 0.00039765238761901855 0.0010809823870658875 1 
7.258481442928315e-05 1.3562106684441477 33.43707344591391 -7.767975330352783e-05 0.000399857759475708 0.001085139811038971 1 
7.31808602809906e-05 1.3550416160633607 33.35337323606204 -7.647275924682617e-05 0.0004028603434562683 0.0010919943451881409 1 
7.377690613269806e-05 1.3538991404453338 33.269872708974226 -7.518380880355835e-05 0.0004097074270248413 0.0011105388402938843 1 
7.437295198440552e-05 1.3527830652991797 33.18658178769352 -7.408857345581055e-05 0.0004132762551307678 0.001119174063205719 1 
7.496899783611298e-05 1.3516933969153306 33.10351540401658 -7.284432649612427e-05 0.00041459500789642334 0.0011208504438400269 1 
7.556504368782044e-05 1.35062982388214 33.02068188779868 -7.152557373046875e-05 0.000417269766330719 0.001127094030380249 1 
7.61610895395279e-05 1.349592273269975 32.93809842344269 -7.028132677078247e-05 0.00042531639337539673 0.0011496618390083313 1 
7.675713539123536e-05 1.3485804548120073 32.855770997028564 -6.905198097229004e-05 0.0004259869456291199 0.0011489465832710266 1 
7.735318124294282e-05 1.3475942271494987 32.773712190920435 -6.776303052902222e-05 0.0004288330674171448 0.0011539459228515625 1 
7.794922709465028e-05 1.3466333610882897 32.69193522499012 -6.64442777633667e-05 0.0004369989037513733 0.001173272728919983 1 
7.854527294635774e-05 1.3456975850415813 32.61044656462504 -6.52894377708435e-05 0.00043680518865585327 0.001171797513961792 1 
7.91413187980652e-05 1.344786719436556 32.52925670199621 -6.40377402305603e-05 0.0004450082778930664 0.0011958181858062744 1 
7.973736464977266e-05 1.3439004411784918 32.44837462073948 -6.280094385147095e-05 0.0004443749785423279 0.0011916682124137878 1 
8.033341050148012e-05 1.3430384989654207 32.367804717001164 -6.131082773208618e-05 0.00045399367809295654 0.0012148544192314148 1 
8.092945635318756e-05 1.3421998292717703 32.28746195801492 -6.0148537158966064e-05 0.0004526898264884949 0.001209452748298645 1 
8.152550220489502e-05 1.3413841871894947 32.20731466067565 -5.891919136047363e-05 0.0004603192210197449 0.001231752336025238 1 
8.212154805660248e-05 1.3405916215008937 32.12737296462485 -5.748867988586426e-05 0.0004602670669555664 0.0012269467115402222 1 
8.271759390830993e-05 1.33982211960533 32.04764851645341 -5.59687614440918e-05 0.0004678070545196533 0.001246422529220581 1 
8.331363976001739e-05 1.339075566392807 31.968153710917353 -5.482137203216553e-05 0.0004690214991569519 0.0012496039271354675 1 
8.390968561172485e-05 1.3383519292058177 31.888895173609143 -5.322694778442383e-05 0.0004746243357658386 0.0012589246034622192 1 
8.450573146343231e-05 1.3376510340567127 31.80988308008182 -5.177408456802368e-05 0.00048114359378814697 0.0012793168425559998 1 
8.510177731513977e-05 1.3369727932660094 31.731125820361058 -5.047023296356201e-05 0.00048163533210754395 0.0012774839997291565 1 
8.569782316684723e-05 1.3363170363194299 31.652637029338155 -4.891306161880493e-05 0.0004864335060119629 0.0012882575392723083 1 
8.629386901855469e-05 1.3356835344486313 31.574418226366596 -4.763156175613403e-05 0.0004929527640342712 0.001306377351284027 1 
8.688991487026215e-05 1.3350722559455348 31.496483909419236 -4.608184099197388e-05 0.0004999563097953796 0.0013228058815002441 1 
8.748596072196961e-05 1.3344828647171352 31.418837184127057 -4.488229751586914e-05 0.0004983693361282349 0.001316554844379425 1 
8.808200657367707e-05 1.3339152216012358 31.341489453716907 -4.299730062484741e-05 0.0005037859082221985 0.0013281404972076416 1 
8.867805242538453e-05 1.3333691254192872 31.26444510909892 -4.173070192337036e-05 0.0005095303058624268 0.0013422444462776184 1 
8.927409827709199e-05 1.3328443089429522 31.18771100650932 -4.0397047996520996e-05 0.0005151107907295227 0.0013572722673416138 1 
8.987014412879945e-05 1.3323406631757144 31.111294799992717 -3.869086503982544e-05 0.0005221143364906311 0.0013716593384742737 1 
9.04661899805069e-05 1.3318578446757787 31.035202696574927 -3.7364661693573e-05 0.0005264431238174438 0.0013853758573532104 1 
9.106223583221436e-05 1.3313956230394481 30.95943983686537 -3.5919249057769775e-05 0.0005317032337188721 0.0013970285654067993 1 
9.165828168392182e-05 1.3309538967242702 30.884013731865473 -3.423541784286499e-05 0.0005358457565307617 0.0014026537537574768 1 
9.225432753562926e-05 1.3305322439559208 30.80892700224999 -3.281980752944946e-05 0.0005392953753471375 0.001413971185684204 1 
9.285037338733672e-05 1.3301305234636382 30.73418732352497 -3.141909837722778e-05 0.0005454868078231812 0.001428954303264618 1 
9.344641923904418e-05 1.3297484520565594 30.659797331851305 -2.985447645187378e-05 0.0005507767200469971 0.0014390945434570312 1 
9.404246509075164e-05 1.3293858110660057 30.58576311110456 -2.8207898139953613e-05 0.0005552172660827637 0.0014471858739852905 1 
9.46385109424591e-05 1.3290423023919522 30.512086709305464 -2.6851892471313477e-05 0.0005574151873588562 0.001454286277294159 1 
9.523455679416656e-05 1.3287175975510002 30.43874025520116 -2.5227665901184082e-05 0.000560566782951355 0.0014604628086090088 1 
9.583060264587402e-05 1.3284114920001695 30.36568923808055 -2.3700296878814697e-05 0.0005641058087348938 0.001466795802116394 1 
9.642664849758148e-05 1.3281238485701663 30.292936652245857 -2.1949410438537598e-05 0.0005692765116691589 0.0014776736497879028 1 
9.702269434928894e-05 1.327854542231993 30.220495012714586 -2.0489096641540527e-05 0.0005805119872093201 0.0015069693326950073 1 
9.76187402009964e-05 1.3276034219334272 30.14836371522637 -1.8835067749023438e-05 0.0005834624171257019 0.0015106201171875 1 
9.821478605270386e-05 1.327370322541547 30.07655096543998 -1.7210841178894043e-05 0.0005858168005943298 0.001512967050075531 1 
9.881083190441132e-05 1.3271550608922755 30.005057148774284 -1.564621925354004e-05 0.000590197741985321 0.0015240311622619629 1 
9.940687775611878e-05 1.3269574271448081 29.933891819846163 -1.3962388038635254e-05 0.000599391758441925 0.00154886394739151 1 
0.00010000292360782623 1.3267772350410554 29.86305584353607 -1.2435019016265869e-05 0.0006004050374031067 0.0015480667352676392 1 
0.00010059896945953369 1.3266143151400414 29.792552921978217 -1.0862946510314941e-05 0.0006066635251045227 0.0015630871057510376 1 
0.00010119501531124115 1.3264683863947264 29.722385819644416 -9.335577487945557e-06 0.0006131157279014587 0.0015777423977851868 1 
0.0001017910611629486 1.326339359337018 29.652560815674704 -7.696449756622314e-06 0.0006156414747238159 0.0015797913074493408 1 
0.00010238710701465606 1.326226947307612 29.583080891890425 -6.0498714447021484e-06 0.0006250888109207153 0.0016047284007072449 1 
0.00010298315286636352 1.326130978380676 29.513947565913508 -4.336237907409668e-06 0.0006257817149162292 0.0016036555171012878 1 
0.00010357919871807098 1.3260512366583668 29.44516334659932 -2.51084566116333e-06 0.0006351098418235779 0.0016286671161651611 1 
0.00010417524456977844 1.32598744921543 29.3767318703181 -9.238719940185547e-07 0.0006361976265907288 0.0016290992498397827 1 
0.0001047712904214859 1.3259394618143614 29.30865691334022 4.544854164123535e-07 0.0006431415677070618 0.0016470551490783691 0 
0.00010536733627319336 1.3259070797310575 29.240937981026143 2.1383166313171387e-06 0.0006526336073875427 0.0016717836260795593 0 
0.00010596338212490082 1.3258899675591813 29.173579459822204 4.0978193283081055e-06 0.0006530880928039551 0.0016639530658721924 0 
0.00010655942797660828 1.3258880054197735 29.10657978251896 5.967915058135986e-06 0.0006617233157157898 0.001686595380306244 0 
0.00010715547382831574 1.325901000005435 29.03994553872074 7.241964340209961e-06 0.0006699264049530029 0.0017105340957641602 0 
0.0001077515196800232 1.3259286212031383 28.97367465334358 8.828938007354736e-06 0.0006679743528366089 0.0017005428671836853 0 
0.00010834756553173066 1.3259707846865243 28.90777161706516 1.1049211025238037e-05 0.0006766915321350098 0.0017164871096611023 0 
0.00010894361138343812 1.3260271356355697 28.842232761279163 1.2472271919250488e-05 0.000683516263961792 0.0017364472150802612 0 
0.00010953965723514556 1.3260976088453078 28.777065754043026 1.4171004295349121e-05 0.0006908923387527466 0.0017568022012710571 0 
0.00011013570308685302 1.3261818350353516 28.71225198388329 1.624971628189087e-05 0.000696912407875061 0.0017644315958023071 0 
0.00011073174893856048 1.3262799284789781 28.64776931294005 1.7695128917694092e-05 0.000697404146194458 0.001765429973602295 0 
0.00011132779479026793 1.3263915809478468 28.583622955849616 1.93864107131958e-05 0.0007021352648735046 0.0017757713794708252 0 
0.00011192384064197539 1.3265167610239945 28.51981343793135 2.1129846572875977e-05 0.0007084906101226807 0.0017879679799079895 0 
0.00011251988649368285 1.3266552232274356 28.456340214378816 2.2813677787780762e-05 0.0007135197520256042 0.00180160254240036 0 
0.00011311593234539031 1.3268068358924228 28.393205826879136 2.498924732208252e-05 0.0007210597395896912 0.0018149763345718384 0 
0.00011371197819709777 1.3269714199898817 28.33041129356899 2.6457011699676514e-05 0.000725381076335907 0.0018277168273925781 0 
0.00011490406990051269 1.3273387249052404 28.20584621524732 2.9832124710083008e-05 0.0007365122437477112 0.001852087676525116 0 
0.00011609616160392761 1.3277557124735926 28.082654996719793 3.3386051654815674e-05 0.0007516294717788696 0.0018882080912590027 0 
0.00011728825330734253 1.3282210255712787 27.960841426495826 3.7297606468200684e-05 0.0007657930254936218 0.0019183233380317688 0 
0.00011848034501075745 1.3287331551212707 27.840411938189288 4.1015446186065674e-05 0.0007738843560218811 0.00193052738904953 0 
0.00011967243671417235 1.3292906620457887 27.721365670466305 4.4636428356170654e-05 0.0007900744676589966 0.001973360776901245 0 
0.00012086452841758726 1.329892216721764 27.6037048054125 4.851818084716797e-05 0.0007997676730155945 0.0019895508885383606 0 
0.00012205662012100218 1.3305362915903913 27.487428814155816 5.1841139793395996e-05 0.0008098185062408447 0.002011433243751526 0 
0.0001232487118244171 1.331221543297766 27.372533472827815 5.574524402618408e-05 0.0008249059319496155 0.0020421668887138367 0 
0.00012444080352783202 1.331946512539506 27.259017099226483 5.9545040130615234e-05 0.0008362755179405212 0.0020710453391075134 0 
0.00012563289523124694 1.3327100470622508 27.146867224192565 6.319582462310791e-05 0.0008483007550239563 0.0020949095487594604 0 
0.00012682498693466186 1.3335113598415516 27.036014814362176 6.711483001708984e-05 0.0008612349629402161 0.002119876444339752 0 
0.00012801707863807678 1.3343495188008567 26.926447691945015 7.124990224838257e-05 0.0008828490972518921 0.0021733716130256653 0 
0.0001292091703414917 1.3352234499284263 26.818158846534487 7.495284080505371e-05 0.0008899271488189697 0.002183370292186737 0 
0.00013040126204490662 1.336131961567573 26.711145644556787 7.902830839157104e-05 0.0009035468101501465 0.0022125467658042908 0 
0.00013159335374832154 1.3370738941164804 26.605404436752362 8.28281044960022e-05 0.0009153261780738831 0.0022366195917129517 0 
0.00013278544545173643 1.3380481789739633 26.5009241611204 8.666515350341797e-05 0.0009322836995124817 0.00227925181388855 0 
0.00013397753715515135 1.3390536864114129 26.397704280553544 9.091198444366455e-05 0.0009446665644645691 0.002307027578353882 0 
0.00013516962885856627 1.3400893631901636 26.29573215494023 9.447336196899414e-05 0.0009529739618301392 0.0023208409547805786 0 
0.00013636172056198117 1.3411540496482945 26.195002047136594 9.847432374954224e-05 0.0009675398468971252 0.0023473724722862244 0 
0.0001375538122653961 1.3422467814985168 26.09550851132213 0.00010251998901367188 0.0009815394878387451 0.0023832768201828003 0 
0.000138745903968811 1.3433664122793005 25.997234462058163 0.00010713189840316772 0.0010029003024101257 0.002429090440273285 0 
0.00013993799567222593 1.3445119843548048 25.90017309652705 0.00011057406663894653 0.0010097622871398926 0.0024440065026283264 0 
0.00014113008737564085 1.3456824768011586 25.80431670916194 0.00011466443538665771 0.0010210052132606506 0.002460464835166931 0 
0.00014232217907905577 1.3468772155401842 25.70963028604354 0.00011889636516571045 0.0010415241122245789 0.0025120750069618225 0 
0.0001435142707824707 1.3480958095610962 25.616078462249774 0.00012274831533432007 0.001047477126121521 0.0025195181369781494 0 
0.0001447063624858856 1.3493373225876126 25.52364959947531 0.00012690573930740356 0.0010660141706466675 0.0025625303387641907 0 
0.00014589845418930053 1.3506009226943687 25.43234018754351 0.00013125687837600708 0.001085236668586731 0.0026072263717651367 0 
0.00014709054589271545 1.3518858243993273 25.342133415003413 0.00013533234596252441 0.00109158456325531 0.0026097744703292847 0 
0.00014828263759613037 1.3531912224143434 25.253025537566362 0.00013958662748336792 0.001104988157749176 0.002636820077896118 0 
0.0001494747292995453 1.354516255038047 25.16500191100676 0.00014350563287734985 0.0011185258626937866 0.002665407955646515 0 
0.0001506668210029602 1.355860148563135 25.078051671436334 0.00014800578355789185 0.0011328011751174927 0.0026960521936416626 0 
0.00015185891270637513 1.3572220843535616 24.99216624071198 0.0001520290970802307 0.0011479854583740234 0.0027307718992233276 0 
0.00015305100440979005 1.3586013815670261 24.907330045816412 0.0001567453145980835 0.0011697933077812195 0.0027836859226226807 0 
0.00015424309611320497 1.3599972462442462 24.82353533028807 0.00016110390424728394 0.0011812672019004822 0.002796173095703125 0 
0.0001554351878166199 1.3614089303702634 24.74076741510664 0.00016530603170394897 0.001190684735774994 0.0028154104948043823 0 
0.0001566272795200348 1.3628357617620266 24.659017860646973 0.00016939640045166016 0.0012108832597732544 0.0028652921319007874 0 
0.00015781937122344973 1.3642769445122442 24.578271375806235 0.0001736283302307129 0.0012201443314552307 0.0028738975524902344 0 
0.00015901146292686465 1.3657322717890672 24.498504753661305 0.00017812103033065796 0.0012374892830848694 0.002917557954788208 0 
0.00016020355463027957 1.3672013581634521 24.419693597643803 0.00018250197172164917 0.0012587755918502808 0.002965010702610016 0 
0.00016139564633369446 1.368683465397692 24.34182121366318 0.00018658488988876343 0.0012638196349143982 0.002965874969959259 0 
0.00016258773803710938 1.3701781235438668 24.26488727062055 0.00019098073244094849 0.0012779682874679565 0.0029947981238365173 0 
0.0001637798297405243 1.3716848120641645 24.188872248372927 0.00019549578428268433 0.0012954100966453552 0.0030282363295555115 0 
0.0001649719214439392 1.3732028350306131 24.113767317655885 0.00019963830709457397 0.0013096258044242859 0.0030588507652282715 0 
0.0001661640131473541 1.3747316708568391 24.039561304943 0.0002043694257736206 0.0013233795762062073 0.0030888617038726807 0 
0.00016735610485076903 1.376270760871548 23.96624405276006 0.00020841509103775024 0.001336812973022461 0.0031143948435783386 0 
0.00016854819655418395 1.3778196583162055 23.893802109731496 0.00021304935216903687 0.0013532862067222595 0.003147818148136139 0 
0.00016974028825759887 1.3793777849781022 23.82222974936541 0.0002176910638809204 0.001376323401927948 0.003203935921192169 0 
0.0001709323799610138 1.3809446464488146 23.751510832236754 0.00022217631340026855 0.0013861432671546936 0.003215380012989044 0 
0.0001721244716644287 1.3825196773988013 23.68163450909849 0.0002264752984046936 0.001397743821144104 0.003234654664993286 0 
0.00017331656336784363 1.3841024320340187 23.61259347544422 0.0002307891845703125 0.0014184340834617615 0.003285430371761322 0 
0.00017450865507125855 1.38569250048698 23.54437490678391 0.00023521482944488525 0.0014268159866333008 0.0032938197255134583 0 
0.00017570074677467347 1.3872894483494553 23.47696174694301 0.00023993849754333496 0.0014466196298599243 0.0033407285809516907 0 
0.0001768928384780884 1.3888932007218384 23.410336582412825 0.00024425238370895386 0.0014612898230552673 0.0033681467175483704 0 
0.0001780849301815033 1.3905033328815966 23.344485304740246 0.00024922192096710205 0.0014751553535461426 0.0033852234482765198 0 
0.00017927702188491823 1.39211949185464 23.279394327530813 0.00025340914726257324 0.0014915838837623596 0.003425799310207367 0 
0.00018046911358833315 1.3937412946667602 23.215061710351534 0.0002583339810371399 0.0015094801783561707 0.003468051552772522 0 
0.00018166120529174807 1.3953682402652825 23.15147150365989 0.00026281923055648804 0.0015296116471290588 0.003505915403366089 0 
0.000182853296995163 1.3970001355475277 23.088615096110132 0.0002669021487236023 0.0015399456024169922 0.0035269707441329956 0 
0.0001840453886985779 1.398636475646211 23.026482124645167 0.0002717450261116028 0.0015539675951004028 0.0035529807209968567 0 
0.00018642957210540775 1.4019212541614474 22.904353330379962 0.00028077512979507446 0.001586809754371643 0.003621898591518402 0 
0.0001888137555122376 1.4052197945019482 22.785007264765103 0.00029021501541137695 0.0016127899289131165 0.003659941256046295 0 
0.0001911979389190674 1.4085295319329494 22.66836512657277 0.0002990216016769409 0.001648545265197754 0.0037370622158050537 0 
0.00019358212232589722 1.4118480707434302 22.55435283803434 0.00030831247568130493 0.0016690343618392944 0.0037675127387046814 0 
0.00019596630573272706 1.4151740867549902 22.442871096734937 0.0003172457218170166 0.0017010197043418884 0.003823496401309967 0 
0.0001983504891395569 1.418505556741236 22.333838850503874 0.0003261268138885498 0.0017311200499534607 0.003887869417667389 0 
0.00020073467254638674 1.4218408257425603 22.227195199741576 0.0003355443477630615 0.001765623688697815 0.003961995244026184 0 
0.00020311885595321658 1.4251776937387541 22.122871658115468 0.0003446638584136963 0.001789093017578125 0.003993578255176544 0 
0.00020550303936004642 1.4285144408110424 22.02080673821184 0.00035337358713150024 0.0018215775489807129 0.004060700535774231 0 
0.00020788722276687626 1.4318494014876701 21.920934165563892 0.00036256760358810425 0.001853346824645996 0.004123009741306305 0 
0.00021027140617370607 1.4351808552264393 21.823200318283764 0.0003721565008163452 0.0018863752484321594 0.004176795482635498 0 
0.00021265558958053588 1.438507513394411 21.727537612267398 0.0003811493515968323 0.0019109249114990234 0.004220582544803619 0 
0.00021503977298736572 1.4418287710246303 21.63386886483029 0.0003899112343788147 0.001941181719303131 0.004278451204299927 0 
0.00021742395639419556 1.4451433541974523 21.542140983714962 0.00039940327405929565 0.001971408724784851 0.004335395991802216 0 
0.0002198081398010254 1.4484499179617765 21.452302499137982 0.00040872395038604736 0.0020090267062187195 0.004411093890666962 0 
0.00022219232320785524 1.4517474215471922 21.36430042766804 0.0004177764058113098 0.002030804753303528 0.004435494542121887 0 
0.00022457650661468508 1.4550346493268367 21.278084072619848 0.0004264935851097107 0.002056300640106201 0.004481993615627289 0 
0.00022696069002151492 1.4583107088668237 21.193612695200024 0.0004362240433692932 0.002087600529193878 0.0045402199029922485 0 
0.00022934487342834474 1.4615744129286699 21.110831184336405 0.0004450604319572449 0.002124473452568054 0.004615887999534607 0 
0.00023172905683517455 1.4648252875037107 21.02968942097549 0.0004539191722869873 0.0021476075053215027 0.004644028842449188 0 
0.0002341132402420044 1.468062880312476 20.95013478430872 0.0004634186625480652 0.0021753832697868347 0.0046945735812187195 0 
0.00023649742364883423 1.4712863437112438 20.872124892528976 0.00047144293785095215 0.0021995604038238525 0.004736810922622681 0 
0.00023888160705566407 1.474495160201453 20.795617587805395 0.0004808381199836731 0.0022364333271980286 0.004804790019989014 0 
0.0002412657904624939 1.477688419803966 20.72057350362247 0.0004897117614746094 0.0022638067603111267 0.004862204194068909 0 
0.00024364997386932372 1.4808656697472924 20.646957454865394 0.0004981830716133118 0.0022894591093063354 0.0048946812748909 0 
0.00024603415727615354 1.484026111039774 20.574725827771367 0.0005075111985206604 0.0023195818066596985 0.004953391849994659 0 
0.0002484183406829834 1.4871693370991952 20.50384814824409 0.000515468418598175 0.0023433715105056763 0.004990890622138977 0 
0.0002508025240898132 1.490294941943959 20.434282152299883 0.0005249306559562683 0.0023682639002799988 0.005021452903747559 0 
0.00025318670749664306 1.4934026385130619 20.365985830348134 0.0005329102277755737 0.0023912787437438965 0.0050525665283203125 0 
0.0002555708909034729 1.4964922396820326 20.298932013337282 0.0005415081977844238 0.0024242177605628967 0.005118720233440399 0 
0.00025795507431030274 1.499563296295161 20.233083328859028 0.0005511417984962463 0.0024467557668685913 0.0051428526639938354 0 
0.0002603392577171326 1.5026154215421534 20.168415970462966 0.0005587264895439148 0.0024729743599891663 0.005191199481487274 0 
0.0002627234411239624 1.5056481653682614 20.104891071165184 0.0005674287676811218 0.002502262592315674 0.005247920751571655 0 
0.0002674918079376221 1.5116546121987684 19.981166560910438 0.0005838796496391296 0.0025475099682807922 0.005312114953994751 0 
0.0002722601747512818 1.5175806914437675 19.861685490021525 0.0006003379821777344 0.0026001781225204468 0.005404755473136902 0 
0.0002770285415649414 1.5234257543770593 19.746219436051117 0.0006174817681312561 0.00264739990234375 0.00547056645154953 0 
0.00028179690837860103 1.529188177480385 19.634573115680613 0.0006330609321594238 0.0026975497603416443 0.005559757351875305 0 
0.0002865652751922607 1.5348670532642865 19.526561734963483 0.0006487220525741577 0.0027433112263679504 0.005628906190395355 0 
0.0002913336420059204 1.5404612981959607 19.422011741076904 0.0006646215915679932 0.002785421907901764 0.005683824419975281 0 
0.00029610200881958007 1.5459711025269578 19.320753853380126 0.0006801038980484009 0.0028294920921325684 0.005745217204093933 0 
0.00030087037563323975 1.551396276479351 19.222624346993122 0.0006951615214347839 0.002869151532649994 0.005802355706691742 0 
0.00030563874244689943 1.5567365224504741 19.127479524124517 0.0007108151912689209 0.0029111430048942566 0.0058648064732551575 0 
0.0003104071092605591 1.561991801184461 19.035187892804302 0.0007250681519508362 0.0029544979333877563 0.00593952089548111 0 
0.00031517547607421873 1.5671625918701182 18.945616123703584 0.0007390230894088745 0.0029883235692977905 0.005990862846374512 0 
0.00031994384288787836 1.572249405569172 18.858634994256963 0.0007527321577072144 0.0030325427651405334 0.006069853901863098 0 
0.00032471220970153804 1.5772525318710202 18.774130960288623 0.0007665976881980896 0.003063306212425232 0.006115220487117767 0 
0.0003294805765151977 1.582172523100374 18.691997586214136 0.0007795989513397217 0.003099881112575531 0.006177596747875214 0 
0.0003342489433288574 1.5870100178948414 18.612132047660133 0.0007934644818305969 0.003131963312625885 0.006218999624252319 0 
0.0003390173101425171 1.5917659048932242 18.534438986020316 0.0008054524660110474 0.0031599625945091248 0.006257824599742889 0 
0.00034378567695617676 1.5964409822467367 18.45881984427541 0.0008183196187019348 0.003192506730556488 0.0063184648752212524 0 
0.00034855404376983644 1.6010359089097501 18.385191355100183 0.0008299499750137329 0.003223329782485962 0.006379351019859314 0 
0.0003533224105834961 1.6055518145718162 18.31347080171946 0.0008417144417762756 0.003256291151046753 0.006441429257392883 0 
0.0003580907773971558 1.6099891822652133 18.24357995511281 0.0008530989289283752 0.003278672695159912 0.006478719413280487 0 
0.0003628591442108155 1.6143496350530413 18.17544036959728 0.0008656159043312073 0.0033068060874938965 0.006522469222545624 0 
0.00036762751102447516 1.6186338245785656 18.108990170177858 0.0008760169148445129 0.003326416015625 0.0065542832016944885 0 
0.0003723958778381348 1.6228427730254484 18.044158127528576 0.0008855387568473816 0.003352932631969452 0.00662144273519516 0 
0.0003771642446517944 1.62697746670448 17.980879793696193 0.0008961036801338196 0.003372989594936371 0.006650157272815704 0 
0.0003819326114654541 1.6310388594042604 17.91910062423996 0.000905647873878479 0.003395654261112213 0.006704144179821014 0 
0.00039146934509277345 1.6389470713641159 17.799800480135424 0.00092364102602005 0.003435201942920685 0.006800711154937744 0 
0.0004010060787200928 1.6465754715832728 17.68584162687517 0.0009423494338989258 0.0034734755754470825 0.006888329982757568 0 
0.0004105428123474121 1.6539328612028568 17.57683338772067 0.0009563341736793518 0.003505416214466095 0.0069914162158966064 0 
0.0004200795459747314 1.6610279228582654 17.472432771271293 0.0009718760848045349 0.0035356655716896057 0.007079221308231354 0 
0.0004296162796020508 1.6678690721865075 17.3723286842607 0.000983595848083496 0.0035619065165519714 0.007159717381000519 0 
0.00043915301322937014 1.674464699146083 17.27622132826839 0.0009940117597579956 0.0035849884152412415 0.007255785167217255 0 
0.00044868974685668945 1.6808233623843392 17.183865031146407 0.0010059624910354614 0.0036102235317230225 0.007349006831645966 0 
0.00045822648048400875 1.6869527770079191 17.095016322871892 0.0010144710540771484 0.0036301389336586 0.007430471479892731 0 
0.0004677632141113281 1.6928611009483614 17.0094481491569 0.0010221898555755615 0.0036504119634628296 0.007535748183727264 0 
0.0004772999477386475 1.6985558899198137 16.92696926473025 0.001027323305606842 0.0036635622382164 0.0076108649373054504 0 
0.0004868366813659668 1.7040445209190307 16.84738456615129 0.0010324791073799133 0.003683939576148987 0.007719539105892181 0 
0.0004963734149932861 1.7093343212559742 16.77052807860309 0.001033782958984375 0.003692612051963806 0.007783330976963043 0 
0.0005059101486206054 1.7144321999074497 16.696253551033372 0.0010361969470977783 0.0037075206637382507 0.00786840170621872 0 
0.0005154468822479248 1.719344754621707 16.624414129155863 0.0010394975543022156 0.003721959888935089 0.007956229150295258 0 
0.0005249836158752442 1.7240782972572366 16.554865330443114 0.0010374411940574646 0.0037339776754379272 0.008045338094234467 0 
0.0005345203495025635 1.7286375322815886 16.487510212387974 0.0010367035865783691 0.003744460642337799 0.008123412728309631 0 
0.0005440570831298828 1.7330187816612135 16.42233159856837 0.0010331422090530396 0.0037576332688331604 0.008217625319957733 0 
0.0005631305503845214 1.7412606560503259 16.29812986846035 0.001020669937133789 0.003771834075450897 0.008375227451324463 0 
0.0005822040176391601 1.7488177894453873 16.181667147604433 0.0010026171803474426 0.0037821829319000244 0.00852552056312561 0 
0.0006012774848937988 1.7557145323838892 16.07231211390645 0.0009750425815582275 0.003788866102695465 0.008670486509799957 0 
0.0006203509521484374 1.7619765673893526 15.969492552533218 0.0009428560733795166 0.0037918686866760254 0.00879833847284317 0 
0.000639424419403076 1.7676316023321383 15.872716953537113 0.0009022131562232971 0.0037926509976387024 0.008934125304222107 0 
0.0006584978866577148 1.7727118455154627 15.781471644731447 0.0008562207221984863 0.003792203962802887 0.009050846099853516 0 
0.0006775713539123535 1.7772473229445898 15.695313190619334 0.0008080005645751953 0.003794528543949127 0.009167984127998352 0 
0.0006966448211669922 1.7812674958301806 15.613883543425292 0.0007544532418251038 0.0037933215498924255 0.009272158145904541 0 
0.0007157182884216309 1.7848041148341793 15.53678789501597 0.0006929710507392883 0.003792978823184967 0.009366288781166077 0 
0.0007347917556762695 1.7878858451841884 15.463724738960611 0.0006325468420982361 0.003792896866798401 0.009443849325180054 0 
0.0007538652229309082 1.790540532896256 15.394396952402621 0.0005676001310348511 0.003795437514781952 0.009542420506477356 0 
0.0007729386901855469 1.7927968442149893 15.328527787227808 0.000501193106174469 0.0037966519594192505 0.00961778312921524 0 
0.0008110856246948242 1.7962169341600478 15.206265886079127 0.00036347657442092896 0.003799811005592346 0.009747371077537537 0 
0.0008492325592041015 1.7983440522692613 15.095215862303428 0.00022411346435546875 0.00380716472864151 0.009855560958385468 0 
0.0008873794937133789 1.7993580152145898 14.993944225264816 8.541345596313477e-05 0.003818310797214508 0.009958051145076752 0 
0.0009255264282226562 1.799420207108481 14.901206121567014 -5.026906728744507e-05 0.003827817738056183 0.010057657957077026 1 
0.0009636733627319335 1.7986741107095185 14.815956199912836 -0.00018018484115600586 0.0038412585854530334 0.010137826204299927 1 
0.0010018202972412109 1.7972458108568015 14.737259549439612 -0.0003065541386604309 0.00385468453168869 0.010188207030296326 1 
0.0010399672317504883 1.7952451088566397 14.66433930148829 -0.0004265978932380676 0.0038657188415527344 0.01024201512336731 1 
0.0010781141662597655 1.7927668182900196 14.596488525041504 -0.0005385205149650574 0.0038810446858406067 0.010289229452610016 1 
0.0011544080352783202 1.7866896493929305 14.473669848387978 -0.0007433295249938965 0.003906823694705963 0.010377191007137299 1 
0.0012307019042968749 1.7795275513527455 14.364940131740573 -0.0009241476655006409 0.003934130072593689 0.010432474315166473 1 
0.0013069957733154295 1.7716470664025228 14.26739112362383 -0.0010825619101524353 0.003961034119129181 0.010502636432647705 1 
0.0013832896423339844 1.7633083530954545 14.178877973814936 -0.0012232288718223572 0.00398949533700943 0.010567396879196167 1 
0.001459583511352539 1.7546959699560984 14.097778547790094 -0.0013495087623596191 0.004013828933238983 0.010630697011947632 1 
0.0015358773803710937 1.745940563178475 14.022843339396433 -0.0014621540904045105 0.004040360450744629 0.010683402419090271 1 
0.0016121712493896484 1.7371360628117984 13.953143455446668 -0.0015662163496017456 0.004062861204147339 0.01074487715959549 1 
0.001688465118408203 1.728348711456977 13.88791601326971 -0.0016610026359558105 0.00408819317817688 0.010797515511512756 1 
0.0018410528564453124 1.7110032888651296 13.768674630474221 -0.0018302127718925476 0.0041286274790763855 0.010898701846599579 1 
0.0019936405944824217 1.6941414949536202 13.661639722083718 -0.0019800886511802673 0.004166074097156525 0.01098429411649704 1 
0.002146228332519531 1.6778767079624834 13.564446486650635 -0.002114623785018921 0.004202499985694885 0.01107700914144516 1 
0.0022988160705566404 1.6622554866317585 13.475425973736847 -0.0022385790944099426 0.004229098558425903 0.011143893003463745 1 
0.0024514038085937497 1.647286833399357 13.393331574708148 -0.002354174852371216 0.004256807267665863 0.011202670633792877 1 
0.002603991546630859 1.6329592050483788 13.317195676682946 -0.0024626702070236206 0.004280373454093933 0.011254757642745972 1 
0.0027565792846679683 1.6192501272951347 13.24630432562664 -0.002566494047641754 0.0043004825711250305 0.011298395693302155 1 
0.0029091670227050777 1.6061311051226228 13.180043163340455 -0.002665676176548004 0.004322990775108337 0.011344239115715027 1 
0.003061754760742187 1.5935719151011238 13.117914213747973 -0.0027614161372184753 0.004339650273323059 0.011379346251487732 1 
0.0033669302368164056 1.5700078736703764 13.004465523849204 -0.0029439106583595276 0.004362843930721283 0.011415541172027588 1 
0.0036721057128906247 1.5483195628482191 12.90337271898347 -0.003117568790912628 0.004386380314826965 0.011441588401794434 1 
0.003977281188964844 1.5282907503025358 12.81267014290977 -0.0032841116189956665 0.004405319690704346 0.011455170810222626 1 
0.0042824566650390625 1.5097317993992212 12.730879140735468 -0.003445729613304138 0.004413731396198273 0.011443637311458588 1 
0.004587632141113281 1.4924787885129203 12.656776771369621 -0.0036028921604156494 0.0044210925698280334 0.011430516839027405 1 
0.0048928076171875 1.4763899360518766 12.589409294642369 -0.0037567391991615295 0.004420243203639984 0.011389464139938354 1 
0.005503158569335937 1.4472336906229248 12.471805073094645 -0.00405498594045639 0.004418507218360901 0.011305049061775208 1 
0.006113509521484374 1.4214701609550209 12.373092473910111 -0.004343390464782715 0.0044023990631103516 0.011179767549037933 1 
0.006723860473632812 1.398499032795373 12.289639450323838 -0.004624135792255402 0.004381462931632996 0.011042937636375427 1 
0.00733421142578125 1.3778581692867642 12.218759959814047 -0.004898592829704285 0.004349939525127411 0.010889850556850433 1 
0.008554913330078125 1.3421738004660035 12.106632653058945 -0.005429074168205261 0.004278883337974548 0.010582707822322845 1 
0.009775615234375 1.3123432239882205 12.024811492328025 -0.005942933261394501 0.004191458225250244 0.010243862867355347 1 
0.01221701904296875 1.2650795809572304 11.923463741606579 -0.006923191249370575 0.003999888896942139 0.009603321552276611 1 
0.0146584228515625 1.2291704124254448 11.876487919370065 -0.007852084934711456 0.003792501986026764 0.009008772671222687 1 
0.01954123046875 1.17810779851437 11.873481286237006 -0.009584374725818634 0.0033870935440063477 0.00798790156841278 1 
0.024424038085937502 1.1437195338881203 11.93407309290614 -0.011179342865943909 0.003009781241416931 0.007167883217334747 1 
0.029306845703125 1.1192995990040375 12.024853186337133 -0.01266191154718399 0.0026698336005210876 0.0064912885427474976 1 
0.0341896533203125 1.1013808254330915 12.129795494353923 -0.014049582183361053 0.0023567602038383484 0.005933098495006561 1 
0.0390724609375 1.0879581200068171 12.24048452256061 -0.015355691313743591 0.00207461416721344 0.005468025803565979 1 
0.043955268554687496 1.0777788942098607 12.352210630998634 -0.016590416431427002 0.00180797278881073 0.005072236061096191 1 
0.048838076171874995 1.0700150873144625 12.462267312670757 -0.017762184143066406 0.001565195620059967 0.00473707914352417 1 
0.05372088378906249 1.0640943103959435 12.569100995197285 -0.01887795329093933 0.00133591890335083 0.00444822758436203 1 
0.05860369140625 1.0596072066049271 12.671826428457539 -0.01994340866804123 0.0011195167899131775 0.004201039671897888 1 
0.0634864990234375 1.0562531766643772 12.769989687228044 -0.020963527262210846 0.0009165704250335693 0.003991372883319855 1 
0.068369306640625 1.0538054521609985 12.863389334780637 -0.021942444145679474 0.0007227286696434021 0.003803268074989319 1 
0.0732521142578125 1.0520904091827321 12.951992393867753 -0.022883877158164978 0.000541098415851593 0.003641463816165924 1 
0.078134921875 1.05097258854828 13.035865593068948 -0.02379094809293747 0.0003654658794403076 0.003499634563922882 1 
0.0830177294921875 1.0503450452152818 13.115159275149038 -0.02466656267642975 0.0001975223422050476 0.0033755600452423096 1 
0.08790053710937501 1.0501219423148727 13.19002324047966 -0.025513000786304474 4.05237078666687e-05 0.003260798752307892 1 
0.09278334472656251 1.050234418270851 13.26069536071892 -0.02633252739906311 -0.00011019408702850342 0.0031665638089179993 2 
0.09766615234375 1.050625696893644 13.327356878855106 -0.02712707221508026 -0.0002553388476371765 0.003074467182159424 2 
0.107431767578125 1.0520675846574157 13.44951744522763 -0.02864810824394226 -0.0005292370915412903 0.002922549843788147 2 
0.1171973828125 1.0541632964075165 13.558189812704548 -0.030087999999523163 -0.0007813647389411926 0.0028015747666358948 2 
0.126962998046875 1.0567134883999232 13.654899978309848 -0.03145667165517807 -0.0010148808360099792 0.0026955902576446533 2 
0.13672861328125 1.0595762895547531 13.741055358464958 -0.032762207090854645 -0.001230865716934204 0.0026115253567695618 2 
0.146494228515625 1.0626488351221481 13.817902562295105 -0.03401143103837967 -0.0014329701662063599 0.0025391876697540283 2 
0.15625984375 1.065855972993882 13.8865251810798 -0.03521014004945755 -0.0016238316893577576 0.0024753883481025696 2 
0.17579107421875 1.072465290295737 14.002835591632671 -0.03747496008872986 -0.0019730404019355774 0.0023746415972709656 2 
0.1953223046875 1.0791092887213702 14.096285933603637 -0.03958853334188461 -0.002285473048686981 0.0022993311285972595 2 
0.21485353515625 1.085624244562545 14.171685268193626 -0.04157271236181259 -0.0025712326169013977 0.0022438839077949524 2 
0.234384765625 1.0919213146689941 14.232732541196343 -0.04345005005598068 -0.0028332993388175964 0.002194635570049286 2 
0.2734472265625 1.1037030891880686 14.322486326309845 -0.04693540185689926 -0.003303416073322296 0.002128295600414276 2 
0.31250968749999997 1.114336964677974 14.381592633542011 -0.05013038218021393 -0.003719113767147064 0.0020833760499954224 2 
0.625009375 1.168236113036261 14.454702546974241 -0.06985034048557281 -0.006128326058387756 0.0019570142030715942 2 
0.9375090625 1.1930933982922176 14.374380683025759 -0.08433730900287628 -0.007869452238082886 0.001876823604106903 2 
1.25000875 1.2061091686397918 14.290424721035398 -0.09609940648078918 -0.009281054139137268 0.0017591789364814758 2 
1.5625084375 1.213417106253046 14.218097841456185 -0.10601858794689178 -0.010445661842823029 0.0016086772084236145 2 
1.875008125 1.2176347580372966 14.15740452534587 -0.11453619599342346 -0.011407904326915741 0.0014398470520973206 2 
2.5000074999999997 1.221336008683325 14.063128650695507 -0.1303744614124298 -0.013332158327102661 0.0009932741522789001 2 
3.7500062499999998 1.221360010533512 13.941733521458376 -0.15154456347227097 -0.01541309803724289 0.00042176246643066406 2 
5.000005 1.2185661131227796 13.868368462183795 -0.16551423072814941 -0.016606561839580536 9.7714364528656e-05 2 
10.0 1.2064729341134655 13.74634817587476 -0.1695951670408249 -0.01642083376646042 0.00022915005683898926 2 
