P M R nu
1e-07 1.8327023076858833e-05 0.2231748898130526 0 
6.960464417934418e-07 0.0003351979942061714 0.5879019381078969 0 
1.2920928835868835e-06 0.0008443860691519376 0.7997875148795532 0 
1.8881393253803254e-06 0.001485634862598311 0.9653576679015713 0 
2.484185767173767e-06 0.0022330676089614187 1.1056260096539379 0 
3.080232208967209e-06 0.00307092953976041 1.2292901915387326 0 
3.676278650760651e-06 0.003988231231019477 1.3409570307866505 0 
4.272325092554092e-06 0.004976697926671676 1.443418411273539 0 
4.868371534347534e-06 0.006029782626397355 1.538519021192461 0 
5.4644179761409765e-06 0.007142122067017934 1.6275538015180402 0 
6.060464417934418e-06 0.008309208052656374 1.71147357067179 0 
6.656510859727859e-06 0.009527175209683382 1.791001156598987 0 
7.252557301521301e-06 0.01079265677964718 1.8667014948150082 0 
7.848603743314743e-06 0.012102682625966024 1.939026212150447 0 
8.444650185108185e-06 0.013454604709004406 2.0083432081814636 0 
9.040696626901626e-06 0.014846041142691578 2.0749569809014763 0 
9.636743068695068e-06 0.016274833234102608 2.139123009386291 0 
1.082883595228195e-05 0.019236893526479767 2.2609535349341185 0 
1.2020928835868835e-05 0.02232759325750326 2.3752601107714386 0 
1.3213021719455719e-05 0.0255350841526049 2.483101617440249 0 
1.4405114603042603e-05 0.028848988773075943 2.5853026608549885 0 
1.5597207486629488e-05 0.03226019070752748 2.6825233641414696 0 
1.678930037021637e-05 0.03576059582075217 2.7753021052825324 0 
1.7981393253803253e-05 0.03934295625879644 2.8640849959271133 0 
1.9173486137390137e-05 0.04300073605289464 2.9492467737819155 0 
2.036557902097702e-05 0.046728006002387086 3.031105973680405 0 
2.1557671904563905e-05 0.050519359345359865 3.109936163377584 0 
2.2749764788150786e-05 0.05436984435055229 3.185974466581131 0 
2.394185767173767e-05 0.05827490802017424 3.259428081039261 0 
2.5133950555324555e-05 0.06223034996173225 3.3304793838498115 0 
2.6326043438911436e-05 0.06623228308124053 3.3992899476323157 0 
2.751813632249832e-05 0.07027710477522345 3.4660038360082646 0 
2.8710229206085204e-05 0.07436205183322417 3.530759608673963 0 
3.109441497325897e-05 0.08264104915934692 3.6548636673715476 0 
3.3478600740432734e-05 0.09104670866396831 3.772400560019664 0 
3.58627865076065e-05 0.09955897088754703 3.884029611045374 0 
3.824697227478027e-05 0.10816016430790244 3.990306964472349 0 
4.063115804195404e-05 0.1168346278056677 4.091707006895067 0 
4.301534380912781e-05 0.12556841823737405 4.188638406747203 0 
4.539952957630157e-05 0.13434909877784973 4.2814565994142795 0 
4.778371534347534e-05 0.14316739400344955 4.370492279000427 0 
5.016790111064911e-05 0.15201425981443484 4.456028522527339 0 
5.255208687782287e-05 0.16088045200181136 4.5383046957067545 0 
5.493627264499664e-05 0.16975767406491657 4.617535065303756 0 
5.7320458412170406e-05 0.17863844776158358 4.693912264391241 0 
5.9704644179344174e-05 0.18751601766701637 4.767610206496777 0 
6.208882994651794e-05 0.1963842730197628 4.838786576638244 0 
6.44730157136917e-05 0.2052379229141769 4.907586768390506 0 
6.685720148086547e-05 0.2140736720497585 4.974155165662887 0 
6.924138724803924e-05 0.22288714570530002 5.038612477086494 0 
7.1625573015213e-05 0.23167408087935557 5.101067155552477 0 
7.639394454956054e-05 0.24915330036264902 5.220361560218922 0 
8.116231608390808e-05 0.26648471056275735 5.332753763566265 0 
8.593068761825561e-05 0.28364855930917915 5.438874247979068 0 
9.069905915260314e-05 0.300631138091053 5.539285144110975 0 
9.546743068695067e-05 0.3174174274827622 5.634451371913774 0 
0.00010023580222129821 0.3339952299622009 5.724782753734109 0 
0.00010500417375564574 0.3503560622416143 5.810650051370491 0 
0.00010977254528999327 0.36649551107254863 5.892395390504371 0 
0.00011454091682434081 0.3824074040471332 5.970307724932963 0 
0.00011930928835868835 0.3980869549536792 6.04464648294016 0 
0.00012407765989303588 0.41353119629648366 6.115648684876365 0 
0.0001288460314273834 0.428740408480002 6.183539773192397 0 
0.00013361440296173093 0.4437133218365184 6.248514009875973 0 
0.00013838277449607848 0.45844910823034996 6.310747002529722 0 
0.000143151146030426 0.47294773170551385 6.370399939573392 0 
0.00015268788909912108 0.5012419894182574 6.482570331464685 0 
0.00016222463216781615 0.5286091067920508 6.586086981101944 0 
0.00017176137523651123 0.5550669534500774 6.681852716407563 0 
0.00018129811830520627 0.5806389808497501 6.770651503224914 0 
0.00019083486137390135 0.6053480034235543 6.853150588125758 0 
0.00020037160444259642 0.6292219814731747 6.929943606517685 0 
0.00020990834751129147 0.652286358792105 7.0015396209009575 0 
0.00021944509057998654 0.6745697634777268 7.068395511607155 0 
0.00022898183364868162 0.6960992232094271 7.130911093934938 0 
0.00024805531978607176 0.7370050438630876 7.244309234197638 0 
0.0002671288059234619 0.7752162386552687 7.344158570561954 0 
0.000286202292060852 0.8109345166124629 7.432417213255414 0 
0.00030527577819824215 0.8443486840441098 7.5106860477055335 0 
0.0003243492643356323 0.8756337826280072 7.580287694819259 0 
0.0003434227504730224 0.9049511359476192 7.642325291792465 0 
0.0003815697227478027 0.9582618927925162 7.747275526068985 0 
0.000419716695022583 1.0050810816532851 7.830885597014474 0 
0.0004578636672973633 1.045855314245936 7.896545798214793 0 
0.0005341576118469238 1.1116732295898482 7.985580258297976 0 
0.0006104515563964844 1.1603943041238787 8.033198931216567 0 
0.0009156273345947265 1.2524833132343902 8.0175520834597 0 
0.0010682152236938477 1.2666562396924683 7.959334406142329 0 
0.0012208031127929687 1.271747159144271 7.891994551296389 0 
0.0013733910018920896 1.2717819963884376 7.8220716939081285 0 
0.0015259788909912108 1.2689196472378763 7.7525911494306685 0 
0.001678566780090332 1.2643623895619323 7.684959392859866 0 
0.0018311546691894532 1.258808491538177 7.619809740953396 0 
0.002136330447387695 1.2462352236967864 7.497730772035407 0 
0.0024415062255859375 1.2330121227642905 7.38645603051805 0 
0.00274668200378418 1.2198836139791152 7.28506726182588 0 
0.003051857781982422 1.207163965569061 7.192452659262036 0 
0.0033570335601806637 1.1949786235058872 7.1075535042229685 0 
0.003662209338378906 1.18336585149539 7.029431961600609 0 
0.0039673851165771485 1.1723224753374761 6.957277819465259 0 
0.004272560894775391 1.1618261898547093 6.890398204438526 0 
0.004882912451171875 1.1423497616105218 6.77018157232826 0 
0.005493264007568359 1.124673985146352 6.664991557103698 0 
0.006103615563964843 1.1085530462507935 6.572010941970929 0 
0.006713967120361328 1.0937753117681255 6.48910481675159 0 
0.007324318676757813 1.0801636045477094 6.414626320961094 0 
0.007934670233154298 1.067565109912155 6.347243916459607 0 
0.008545021789550782 1.0558617745014047 6.285950747571886 0 
0.00976572490234375 1.0347585377794348 6.178580522570876 0 
0.010986428015136718 1.0161896801312025 6.087434865706227 0 
0.012207131127929687 0.9996813106457603 6.0090006433042085 0 
0.013427834240722657 0.984877626450401 5.940768322002098 0 
0.014648537353515626 0.9714996060311459 5.880830108530365 0 
0.01708994357910156 0.948217534670399 5.780523187422756 0 
0.0195313498046875 0.92857682643368 5.70001168655265 0 
0.024414162255859375 0.8971214573337405 5.579515224603021 0 
0.02929697470703125 0.8729389642549306 5.494767438930424 0 
0.039062599609375 0.8381086086224174 5.38732926123625 0 
0.058593849414062496 0.7972164669957277 5.29239830408403 0 
0.07812509921875 0.7748852714372635 5.265276003365367 0 
0.15625009843749998 0.7464757867583427 5.325396602526749 0 
0.23437509765624998 0.7464841779668299 5.424253766688713 0 
0.31250009687499997 0.752925578067868 5.510270995087569 0 
0.39062509609374996 0.7608269225176434 5.580383597105541 0 
0.4687500953125 0.7686840824524693 5.637141621774215 0 
0.62500009375 0.7826804816029528 5.721350720719607 0 
0.937500090625 0.8032692353086454 5.820259770038217 0 
1.2500000875 0.8168177939511281 5.872293521971646 0 
2.500000075 0.8408875399738767 5.933408598568799 0 
5.00000005 0.850742433585519 5.923064486628122 0 
10.0 0.849409927299263 5.8762360999818855 0 
