P M R nu
1e-07 0.29698530594136224 30.253023607952592 0 
8.62938690185547e-07 1.04307825571223 38.657960034663134 0 
1.6258773803710939e-06 1.245665189132291 38.306241066576526 0 
2.3888160705566408e-06 1.3451161377409697 37.617928428775215 0 
3.151754760742188e-06 1.4040694406054364 36.94208077295318 0 
3.914693450927735e-06 1.4412317006014894 36.32878557376407 0 
4.677632141113282e-06 1.4663356065399262 35.775295044136506 0 
5.440570831298829e-06 1.483391573172516 35.27887652777431 0 
6.203509521484376e-06 1.4949685002618331 34.829222576660136 0 
6.966448211669923e-06 1.5028670578682048 34.418962437963124 0 
7.72938690185547e-06 1.5080231799335524 34.0438575059313 0 
8.492325592041017e-06 1.5110822891099758 33.69948832283595 0 
9.255264282226564e-06 1.5125665714953471 33.38078865861506 0 
1.0018202972412111e-05 1.5128783994483934 33.08440266951608 0 
1.0781141662597659e-05 1.5122739100213605 32.808107064014095 0 
1.1544080352783204e-05 1.5109422972560036 32.54983549050475 0 
1.2307019042968751e-05 1.5090294823040926 32.30774907066256 0 
1.3069957733154298e-05 1.5066507585265914 32.080124746996276 0 
1.3832896423339844e-05 1.5039109923084015 31.864876200404307 0 
1.459583511352539e-05 1.5008958046523324 31.660912094931764 0 
1.5358773803710938e-05 1.4976653866069978 31.46735941213262 0 
1.6121712493896487e-05 1.4942659079538656 31.28340742461523 0 
1.6884651184082032e-05 1.4907340459993828 31.108315896315414 0 
1.7647589874267577e-05 1.4870994337098922 30.941412347824443 0 
1.8410528564453126e-05 1.4833863017831408 30.78208831715134 0 
1.9173467254638675e-05 1.4796146035562143 30.629791385927593 0 
1.993640594482422e-05 1.475792495966908 30.4832081808489 0 
2.0699344635009766e-05 1.4719447915396475 30.34145334767761 0 
2.1462283325195315e-05 1.4680943433374458 30.204382592826164 0 
2.2225222015380863e-05 1.4642552701594567 30.071825449428637 0 
2.298816070556641e-05 1.4604370979907455 29.943600737104887 0 
2.3751099395751954e-05 1.456646514292668 29.81952556378943 0 
2.4514038085937503e-05 1.4528882320304808 29.699417562736013 0 
2.527697677612305e-05 1.4491656602844565 29.58310070360087 0 
2.6039915466308594e-05 1.4454811841318584 29.470403237835363 0 
2.6802854156494143e-05 1.441836486246282 29.361161608881584 0 
2.7565792846679688e-05 1.4382327112313518 29.255219215690627 0 
2.8328731536865234e-05 1.4346705713456291 29.152427037617937 0 
2.9091670227050782e-05 1.43113359365533 29.0519642750595 0 
2.9854608917236328e-05 1.4276113710711777 28.952736200524864 0 
3.061754760742187e-05 1.4241204688706237 28.854810451595867 0 
3.138048629760742e-05 1.4206707167458177 28.75824700087845 0 
3.214342498779297e-05 1.4172684235671897 28.663087675719456 0 
3.290636367797852e-05 1.4139177250157346 28.569362155961112 0 
3.366930236816406e-05 1.4106212226519783 28.477088843957958 0 
3.4432241058349604e-05 1.4073804797264686 28.3862776786677 0 
3.519517974853515e-05 1.404196212058715 28.296931087639496 0 
3.59581184387207e-05 1.4010685990169094 28.209046429097878 0 
3.672105712890625e-05 1.39799736413134 28.122615508381553 0 
3.74839958190918e-05 1.3949819182399381 28.037627017272396 0 
3.824693450927735e-05 1.3920214002008149 27.95406580754456 0 
3.9009873199462896e-05 1.3891148013526562 27.87191492486246 0 
3.977281188964844e-05 1.3862609556318979 27.791154403265157 0 
4.053575057983398e-05 1.3834532489449347 27.711579690393815 0 
4.129868927001953e-05 1.3806709026975679 27.632306410171896 0 
4.206162796020508e-05 1.3779202347897799 27.553280216266206 0 
4.282456665039063e-05 1.3752072996655276 27.474560751425333 0 
4.3587505340576176e-05 1.3725363059862994 27.39620108460109 0 
4.4350444030761724e-05 1.3699102170954314 27.31824782008518 0 
4.511338272094727e-05 1.3673311821368945 27.240742178444005 0 
4.5876321411132815e-05 1.364800710784968 27.163720726197518 0 
4.663926010131836e-05 1.362319806794603 27.087216267719278 0 
4.7402198791503906e-05 1.3598890770226244 27.01125653534549 0 
4.8165137481689455e-05 1.3575088003754987 26.935867342296273 0 
4.8928076171875004e-05 1.3551790155302972 26.86107010545374 0 
4.969101486206055e-05 1.352899523057979 26.78688406916459 0 
5.0453953552246095e-05 1.3506699674371039 26.713326077112743 0 
5.1216892242431637e-05 1.3484898459598431 26.64041004759437 0 
5.1979830932617185e-05 1.3463585306996038 26.568148206516817 0 
5.2742769622802734e-05 1.344275276369598 26.496550605305305 0 
5.350570831298828e-05 1.3422345448589612 26.425420392921232 0 
5.426864700317383e-05 1.3402301897802433 26.354415319358313 0 
5.5031585693359374e-05 1.3382651806771206 26.283567387720264 0 
5.5794524383544916e-05 1.3363414896114527 26.212910863421243 0 
5.6557463073730465e-05 1.3344605355639427 26.14247833489471 0 
5.7320401763916013e-05 1.3326232407843275 26.072298452521185 0 
5.808334045410156e-05 1.330830308879089 26.002397888102838 0 
5.884627914428711e-05 1.3290821620876416 25.932801371814914 0 
5.960921783447265e-05 1.327379010452127 25.8635313495346 0 
6.0372156524658195e-05 1.3257208804598226 25.794608594830855 0 
6.113509521484374e-05 1.324107757952396 25.726052112677188 0 
6.189803390502929e-05 1.3225393755639925 25.657879338299587 0 
6.266097259521484e-05 1.3210154756973653 25.59010635652825 0 
6.342391128540039e-05 1.3195356587923273 25.522747768833216 0 
6.418684997558594e-05 1.3180994477106878 25.45581689930046 0 
6.494978866577149e-05 1.3167063793989682 25.38932613165138 0 
6.571272735595704e-05 1.3153558395956468 25.323285691438613 0 
6.647566604614259e-05 1.3140469341082681 25.25769062083883 0 
6.723860473632812e-05 1.312776471540256 25.192357771677756 0 
6.800154342651366e-05 1.3115445835235844 25.127249762358005 0 
6.87644821166992e-05 1.3103518132870453 25.062386740701115 0 
6.952742080688475e-05 1.3091985672138928 24.997788274635386 0 
7.02903594970703e-05 1.3080849334727196 24.933471164063036 0 
7.105329818725585e-05 1.3070108715449862 24.869450590795466 0 
7.18162368774414e-05 1.3059763616963636 24.80574243894059 0 
7.257917556762695e-05 1.3049811343358713 24.74235868937551 0 
7.33421142578125e-05 1.3040249526662886 24.67931281753175 0 
7.410505294799805e-05 1.3031074641772986 24.61661559488404 0 
7.48679916381836e-05 1.3022283478713854 24.554278452921594 0 
7.639386901855469e-05 1.3005832525727927 24.43072162290913 0 
7.791974639892579e-05 1.299085979953027 24.308710902709862 0 
7.944562377929687e-05 1.2977320813339213 24.18830505853048 0 
8.097150115966796e-05 1.296516616571026 24.06947019662243 0 
8.249737854003906e-05 1.2954348958059263 23.95188336567205 0 
8.402325592041015e-05 1.2944857520157427 23.835574796532175 0 
8.554913330078125e-05 1.293667015080349 23.72060912409062 0 
8.707501068115235e-05 1.2929757540118105 23.607041726904626 0 
8.860088806152345e-05 1.2924085339085578 23.494918164886155 0 
9.012676544189454e-05 1.2919617008640523 23.38427635581307 0 
9.165264282226563e-05 1.2916312694781094 23.2751468244812 0 
9.317852020263671e-05 1.2914133146765707 23.167554259988105 0 
9.470439758300781e-05 1.2913035524513672 23.061515675885286 0 
9.623027496337891e-05 1.291298695581119 22.9568942670782 0 
9.775615234375e-05 1.2913966973470516 22.853615030942695 0 
9.92820297241211e-05 1.2915949032711262 22.75170496494856 0 
0.00010080790710449219 1.291890029503809 22.651184760151313 0 
0.00010233378448486327 1.2922790073410078 22.552070105284933 0 
0.00010385966186523437 1.2927582986510844 22.454371687121924 0 
0.00010538553924560547 1.293324565835078 22.358098086178586 0 
0.00010691141662597656 1.293974397454348 22.26325138939405 0 
0.00010843729400634766 1.2947042807651623 22.16983277474588 0 
0.00010996317138671875 1.2955107764236646 22.077834441133234 0 
0.00011148904876708983 1.296392218088907 21.98715823404557 0 
0.00011301492614746093 1.2973465404830635 21.897774198238636 0 
0.00011454080352783202 1.2983710520430625 21.809683991966356 0 
0.00011606668090820312 1.2994630016315865 21.722887281123317 0 
0.00011759255828857422 1.3006197515344204 21.637380860693465 0 
0.0001191184356689453 1.3018384204891682 21.553159499588656 0 
0.00012064431304931639 1.3031162215443945 21.470215444577295 0 
0.00012217019042968749 1.304450694936649 21.388541196946043 0 
0.00012369606781005858 1.3058390198280667 21.30812555703263 0 
0.00012522194519042968 1.3072786481765257 21.228956530854155 0 
0.00012674782257080078 1.3087681597926415 21.15097887516474 0 
0.00012827369995117188 1.3103060903763888 21.07415349063365 0 
0.00012979957733154297 1.3118904587425824 20.998473175200775 0 
0.00013132545471191407 1.313519086741987 20.923928223761752 0 
0.00013285133209228517 1.3151898896636107 20.850508076117876 0 
0.00013437720947265624 1.3169007728227693 20.77819999184296 0 
0.0001359030868530273 1.318649723827662 20.70699256157408 0 
0.0001374289642333984 1.320434744744141 20.636871735705995 0 
0.0001389548416137695 1.3222539590152396 20.56782419255547 0 
0.0001404807189941406 1.3241054071395286 20.49983604237598 0 
0.0001420065963745117 1.3259875396813812 20.432885206017957 0 
0.0001435324737548828 1.327899692272651 20.36692680282978 0 
0.0001450583511352539 1.3298405578972716 20.301945801236062 0 
0.000146584228515625 1.3318085572780027 20.23792974112433 0 
0.0001481101058959961 1.3338021506672 20.17486556776762 0 
0.0001496359832763672 1.335819821538502 20.112739355089523 0 
0.00015268773803710938 1.3399217439081363 19.99125126142655 0 
0.00015573949279785158 1.3441034454171894 19.873357594472363 0 
0.00015879124755859375 1.3483543688692083 19.75893629739413 0 
0.00016184300231933591 1.3526683446466992 19.64781250601302 0 
0.0001648947570800781 1.3570376709424854 19.539866077344403 0 
0.0001679465118408203 1.361454162772557 19.434998385348372 0 
0.0001709982666015625 1.3659101080549967 19.333110453448334 0 
0.0001740500213623047 1.3703981879047955 19.234102373785287 0 
0.0001771017761230469 1.3749125762366132 19.137863865650534 0 
0.00018015353088378909 1.379449417734005 19.04426288478318 0 
0.00018320528564453125 1.3840032441726788 18.95321148530727 0 
0.00018625704040527342 1.3885687483912024 18.864624333643288 0 
0.00018930879516601562 1.3931409540287973 18.77841853229891 0 
0.0001923605499267578 1.3977155055755448 18.694514860929363 0 
0.0001954123046875 1.402288743796634 18.612815807997112 0 
0.0001984640594482422 1.4068585369412465 18.533230397371234 0 
0.0002015158142089844 1.4114211634836562 18.455686990240885 0 
0.0002045675689697266 1.4159732729565602 18.380115236281526 0 
0.00020761932373046876 1.4205119329715212 18.30645071897214 0 
0.00021067107849121093 1.425034236111618 18.234628814501903 0 
0.00021372283325195312 1.4295382600524726 18.16457519920174 0 
0.00021677458801269532 1.4340226086064094 18.096219992514936 0 
0.00021982634277343752 1.438485100729169 18.029506333973778 0 
0.0002228780975341797 1.4429237948281146 17.964379999571502 0 
0.0002259298522949219 1.447336811963379 17.90078862345258 0 
0.00023203336181640627 1.456079406110778 17.778004430769172 0 
0.00023813687133789063 1.4647047108551774 17.66072880710295 0 
0.000244240380859375 1.4732039115440476 17.548601450357943 0 
0.0002503438903808594 1.4815689504380223 17.441296446884813 0 
0.0002564473999023438 1.4897956915080273 17.338487683226262 0 
0.0002625509094238282 1.4978801050463624 17.239889169942103 0 
0.00026865441894531253 1.5058182015978476 17.14524539498476 0 
0.00027475792846679687 1.5136077549988893 17.054305769468115 0 
0.00028086143798828126 1.52124828256808 16.966841195123944 0 
0.00028696494750976565 1.5287380940749251 16.882647780899415 0 
0.00029306845703125004 1.5360767890976414 16.801535475300927 0 
0.00029917196655273443 1.5432654087583804 16.723318284216504 0 
0.0003052754760742188 1.5503041123654953 16.6478313213013 0 
0.0003113789855957032 1.5571937645132334 16.574928856183856 0 
0.00031748249511718754 1.5639357273053884 16.504460278642362 0 
0.0003235860046386719 1.5705320436274601 16.43629453536948 0 
0.00032968951416015627 1.5769839287777407 16.370309636682286 0 
0.00033579302368164066 1.5832932077678517 16.306391930380975 0 
0.00034189653320312505 1.5894625807547604 16.24443314930437 0 
0.0003541035522460938 1.6013890878911623 16.12599491538595 0 
0.0003663105712890625 1.6127818150666553 16.014276963597815 0 
0.0003785175903320313 1.6236604210481684 15.908646434151589 0 
0.000390724609375 1.6340446596712621 15.808547541418697 0 
0.00040293162841796874 1.6439543894025472 15.713489683202482 0 
0.0004151386474609375 1.6534096638236018 15.623043063770515 0 
0.00042734566650390625 1.6624298586949262 15.536823376888266 0 
0.000439552685546875 1.6710340974381015 15.454488927873257 0 
0.00045175970458984375 1.6792407968105187 15.375735867574939 0 
0.0004639667236328125 1.6870677324498005 15.300290905561319 0 
0.0004761737426757812 1.6945321223739567 15.227909295293792 0 
0.00048838076171875 1.7016504761740414 15.158372175808239 0 
0.0005005877807617188 1.7084386294058274 15.091480821854486 0 
0.0005127947998046876 1.7149112086320397 15.027055058319442 0 
0.000537208837890625 1.7269619980927335 14.905003843900959 0 
0.0005616228759765625 1.7378439429183834 14.791489298699693 0 
0.0005860369140625 1.7475885651045544 14.685833481510697 0 
0.0006104509521484376 1.7562440487675381 14.58732500539273 0 
0.000634864990234375 1.7638702357428857 14.495277372456584 0 
0.0006592790283203125 1.7705315050514767 14.409081966571925 0 
0.00068369306640625 1.7762929427837697 14.328191909895379 0 
0.0007081071044921876 1.7812195319065618 14.252131637042035 0 
0.0007325211425781251 1.7853747638539648 14.180481411295277 0 
0.0007569351806640625 1.7888195744092446 14.112862145235876 0 
0.0007813492187500001 1.7916128416762633 14.048935135106145 0 
0.0008301772949218751 1.795461962371894 13.931003139576514 0 
0.0008790053710937501 1.7973273165173438 13.824650643182528 0 
0.0009278334472656251 1.7975643668903878 13.72817384796972 0 
0.0009766615234375001 1.7964797195191997 13.640169207822533 0 
0.0010254895996093753 1.7943325058681572 13.559431119192741 0 
0.0010743176757812502 1.791339250150663 13.484940533846675 0 
0.001123145751953125 1.7876778278234733 13.415836464867525 0 
0.0011719738281250002 1.7834934458197416 13.351395045322677 0 
0.0012696299804687502 1.7740014795693497 13.234160567290099 0 
0.0013672861328125003 1.7635507950828158 13.129452338922702 0 
0.00146494228515625 1.7525843832800807 13.034608000039832 0 
0.0015625984375 1.7413883918517805 12.94772710765223 0 
0.0016602545898437501 1.7301479672809037 12.86742320706691 0 
0.0017579107421875 1.7189836741835478 12.79266807866191 0 
0.00185556689453125 1.7079740104213366 12.722674820448837 0 
0.001953223046875 1.6971683597184406 12.656826697042868 0 
0.0021485353515625 1.6762822556748662 12.535716796469963 0 
0.00234384765625 1.6564430411957538 12.426405731031085 0 
0.0025391599609375 1.6376647970471094 12.326849292684386 0 
0.0027344722656250002 1.6199134078827435 12.235549543704424 0 
0.0029297845703125003 1.6031337189023318 12.151364061085477 0 
0.0031250968750000004 1.5872618957573816 12.073386237316578 0 
0.0033204091796875004 1.5722334426994848 12.000895264082917 0 
0.0035157214843750005 1.557985749782564 11.93328701737401 0 
0.0037110337890625005 1.5444600676044913 11.87006083110329 0 
0.003906346093750001 1.531602028148064 11.810792602352219 0 
0.004296970703125001 1.5076935342259103 11.702703972672529 0 
0.004687595312500001 1.4859117932746084 11.606640494648769 0 
0.005078219921875001 1.4659678866475434 11.52075001702094 0 
0.005468844531250001 1.447623031690333 11.443580811959318 0 
0.005859469140625 1.4306781923178034 11.373950106598754 0 
0.0062500937500000004 1.4149669731945433 11.310903833336708 0 
0.00703134296875 1.3867053823007738 11.201486489595071 0 
0.0078125921875 1.3619448266611855 11.110321559911117 0 
0.00859384140625 1.3400212884215381 11.033723032839882 0 
0.009375090625 1.320460622417051 10.969086815762804 0 
0.010937589062500001 1.286982312310742 10.867968656293424 0 
0.012500087500000001 1.2592934724320812 10.795045375961235 0 
0.015625084375 1.2160522819821595 10.705979549833051 0 
0.01875008125 1.1838011935517885 10.665419764153881 0 
0.025000075000000004 1.1391258956776216 10.662991788726613 0 
0.03125006875 1.1101526116119254 10.713442892247835 0 
0.0375000625 1.0904142383403728 10.787512066807016 0 
0.04375005625 1.07660097754961 10.871658830325293 0 
0.050000050000000004 1.0668184692233735 10.959042316558989 0 
0.05625004375 1.0598927189004679 11.046001564147588 0 
0.0625000375 1.0550546858904937 11.13057095184389 0 
0.06875003125 1.0517783707998873 11.21170679843291 0 
0.075000025 1.0496908153380526 11.288885114941921 0 
0.08125001875 1.048521108756693 11.36191802137259 0 
0.0875000125 1.0480675588880943 11.4307799989583 0 
0.09375000625 1.0481770629754914 11.495567434976723 0 
0.1 1.0487320040950212 11.556436554134123 0 
