P M R nu
1e-07 4.101180120987254e-05 0.33387876963631596 0 
6.960464417934418e-07 0.0007461571189525736 0.8776307670119494 0 
1.2920928835868835e-06 0.001869823947115175 1.1913856873767037 0 
1.8881393253803254e-06 0.0032728123153660366 1.4349741067236321 0 
2.484185767173767e-06 0.004894164795275376 1.6400204817051829 0 
3.080232208967209e-06 0.006696260924963475 1.8196494007608142 0 
3.676278650760651e-06 0.008652597749668194 1.9808309831550117 0 
4.272325092554092e-06 0.01074307912548967 2.1278007073647935 0 
4.868371534347534e-06 0.012951732790574941 2.263364692940159 0 
5.4644179761409765e-06 0.015265442980400163 2.3894981875274057 0 
6.060464417934418e-06 0.017673179161665286 2.5076555274030565 0 
6.656510859727859e-06 0.02016549426820093 2.6189453813108243 0 
7.252557301521301e-06 0.022734181201165615 2.7242366415866845 0 
7.848603743314743e-06 0.02537202801361317 2.8242258455997833 0 
8.444650185108185e-06 0.02807263763691224 2.9194819588296426 0 
9.040696626901626e-06 0.030830291496268508 3.0104771797018577 0 
9.636743068695068e-06 0.03364040072187639 3.097625928526595 0 
1.023278951048851e-05 0.036504654782648374 3.181454432391479 0 
1.082883595228195e-05 0.03942007032256355 3.262267400384844 0 
1.1424882394075393e-05 0.04238242111314087 3.340282709474659 0 
1.2020928835868835e-05 0.04538795228323386 3.415695497642134 0 
1.2616975277662277e-05 0.0484332609724386 3.4886801939056955 0 
1.3213021719455719e-05 0.05151523414770156 3.5593930940384966 0 
1.3809068161249161e-05 0.05463100641191851 3.627974725124855 0 
1.4405114603042603e-05 0.057777927582939856 3.6945518791365 0 
1.5001161044836045e-05 0.060953536799486265 3.7592393484778412 0 
1.5597207486629488e-05 0.06415554413521901 3.8221414841816377 0 
1.678930037021637e-05 0.0706303461291499 3.942962355423832 0 
1.7981393253803253e-05 0.07718683088880895 4.057684130596133 0 
1.9173486137390137e-05 0.08381135600616921 4.16687385380787 0 
2.036557902097702e-05 0.09049184171363846 4.271016644884915 0 
2.1557671904563905e-05 0.097217551871849 4.37053170019468 0 
2.2749764788150786e-05 0.10397890119702119 4.465784115189783 0 
2.394185767173767e-05 0.11077045741828884 4.5571370667069 0 
2.5133950555324555e-05 0.1176011483411874 4.645092449218755 0 
2.6326043438911436e-05 0.12446485039395934 4.729893249979319 0 
2.751813632249832e-05 0.13135402542490504 4.811728238977028 0 
2.8710229206085204e-05 0.13826205649041712 4.890770880666524 0 
2.990232208967209e-05 0.14518303667533133 4.967180148557994 0 
3.109441497325897e-05 0.15211164766521074 5.041101747305822 0 
3.2286507856845854e-05 0.15904308636194883 5.112669639574626 0 
3.3478600740432734e-05 0.16597298844371558 5.18200692353345 0 
3.467069362401962e-05 0.1728973868965534 5.249227188259753 0 
3.58627865076065e-05 0.17981266485880606 5.314435339878716 0 
3.7054879391193384e-05 0.18671553040621514 5.37772868569974 0 
3.824697227478027e-05 0.19360409631061515 5.439207512689398 0 
4.063115804195404e-05 0.20735875358188952 5.557327722646385 0 
4.301534380912781e-05 0.22106888736046437 5.669477441635368 0 
4.539952957630157e-05 0.23471384319082053 5.77611418305605 0 
4.778371534347534e-05 0.24827667962161354 5.8776481562458 0 
5.016790111064911e-05 0.2617432825805639 5.9744474196994 0 
5.255208687782287e-05 0.27510182294928326 6.0668427610524 0 
5.493627264499664e-05 0.288355718444877 6.155224192401823 0 
5.7320458412170406e-05 0.30151273203352097 6.239967697918972 0 
5.9704644179344174e-05 0.3145632766683659 6.321290361558345 0 
6.208882994651794e-05 0.3274994799863366 6.399391775667179 0 
6.44730157136917e-05 0.34031480954643667 6.4744557238878775 0 
6.685720148086547e-05 0.3530038472606274 6.546651775162623 0 
6.924138724803924e-05 0.3655637102845021 6.616145472673732 0 
7.1625573015213e-05 0.378004639497084 6.683160383860502 0 
7.400975878238677e-05 0.39032549130478356 6.747838970664885 0 
7.639394454956054e-05 0.40252254499475953 6.810295178341242 0 
8.116231608390808e-05 0.42653388209730264 6.928959451773469 0 
8.593068761825561e-05 0.45002399866087334 7.039938377982163 0 
9.069905915260314e-05 0.47301543802621704 7.1440691566685635 0 
9.546743068695067e-05 0.4955082039636736 7.241968433159405 0 
0.00010023580222129821 0.5174966120469278 7.334135148831756 0 
0.00010500417375564574 0.5389899016777336 7.421061785543794 0 
0.00010977254528999327 0.5600063179411815 7.503220110546555 0 
0.00011454091682434081 0.5805467580385234 7.580955061379271 0 
0.00011930928835868835 0.6006148018076912 7.65457962278628 0 
0.00012407765989303588 0.6202285238717846 7.724426937421686 0 
0.0001288460314273834 0.6393978136817479 7.7907678272254 0 
0.00013361440296173093 0.6581280525456993 7.8538283481113975 0 
0.000143151146030426 0.6943130222585981 7.970970716788047 0 
0.00015268788909912108 0.7288732896335209 8.07741877141905 0 
0.00016222463216781615 0.7618819117968313 8.174424888552391 0 
0.00017176137523651123 0.7934216133561467 8.263081423418589 0 
0.00018129811830520627 0.8235634131090867 8.344288538538287 0 
0.00019083486137390135 0.8523825737616951 8.41883984932604 0 
0.00020037160444259642 0.8799445354051708 8.48740093991408 0 
0.00020990834751129147 0.9063173993057239 8.550566705203291 0 
0.00022898183364868162 0.9557334536666371 8.662681534730865 0 
0.00024805531978607176 1.0010848779901012 8.75858468173502 0 
0.0002671288059234619 1.0427760582476455 8.840942495966171 0 
0.000286202292060852 1.0811661157062316 8.911877057222778 0 
0.00030527577819824215 1.1165737384635694 8.973101190790185 0 
0.0003434227504730224 1.179541353731847 9.071763357821853 0 
0.0003815697227478027 1.2335840416248245 9.145461910959186 0 
0.000419716695022583 1.2802149522286237 9.200180941329625 0 
0.0004578636672973633 1.3206431595408163 9.24023297083354 0 
0.0005341576118469238 1.3860398964083611 9.287482096360403 0 
0.0006104515563964844 1.4337912710157967 9.301771110917441 0 
0.0007630394454956054 1.4908269015696918 9.269207905604572 0 
0.0009156273345947265 1.515211579288447 9.194985582947789 0 
0.0010682152236938477 1.5217835777450897 9.105439102744462 0 
0.0012208031127929687 1.519056849886712 9.012556491165501 0 
0.0013733910018920896 1.5115581703725631 8.921315286846236 0 
0.0015259788909912108 1.5016400688720235 8.833645689519924 0 
0.001678566780090332 1.4905489595918975 8.750203493978596 0 
0.0018311546691894532 1.4789661374175158 8.671099017019731 0 
0.0019837425582885744 1.4672745197337744 8.596210967742861 0 
0.002136330447387695 1.455692066387299 8.525316980363193 0 
0.0022889183364868163 1.4443427879781596 8.458160793543968 0 
0.0024415062255859375 1.4332955553373734 8.394481598889628 0 
0.00274668200378418 1.4122284653087915 8.276562302295824 0 
0.003051857781982422 1.3925746351044306 8.169740771042067 0 
0.0033570335601806637 1.3742811057927764 8.072478918328873 0 
0.003662209338378906 1.357247251868867 7.983495412148998 0 
0.0039673851165771485 1.3413605297191702 7.901725614585109 0 
0.004272560894775391 1.32651145850931 7.82628002283812 0 
0.004577736672973632 1.3125991077903445 7.756413875032212 0 
0.004882912451171875 1.2995327802947196 7.691496796392855 0 
0.005493264007568359 1.2756251815687876 7.574446280683057 0 
0.006103615563964843 1.2542506842318895 7.471694618841763 0 
0.006713967120361328 1.2349895813056413 7.38066970721981 0 
0.007324318676757813 1.2175122092212525 7.299404153427226 0 
0.007934670233154298 1.2015501704020544 7.226326937288786 0 
0.008545021789550782 1.1868955464508513 7.160227231569432 0 
0.00976572490234375 1.1608802968411105 7.045392277936633 0 
0.010986428015136718 1.138412361716484 6.94900315363666 0 
0.012207131127929687 1.1187531412059661 6.8669513391103445 0 
0.013427834240722657 1.1013735366172441 6.796349829176438 0 
0.014648537353515626 1.0858657906692781 6.734999611545113 0 
0.01708994357910156 1.0593253035781773 6.63397789132136 0 
0.0195313498046875 1.037382234402747 6.554704647805389 0 
0.024414162255859375 1.003128737680682 6.4401247060940285 0 
0.02929697470703125 0.9776058291960412 6.363729651034779 0 
0.039062599609375 0.9423295468993701 6.275630055220852 0 
0.07812509921875 0.8858533149497518 6.225761237637558 0 
0.11718759882812499 0.8731034503961996 6.292702265838967 0 
0.15625009843749998 0.8730293721667531 6.3731024296288705 0 
0.19531259804687498 0.8776322424386377 6.448510218105012 0 
0.23437509765624998 0.8840212574441214 6.515327819060258 0 
0.31250009687499997 0.8979481038127467 6.624164273237615 0 
0.39062509609374996 0.9110496084779821 6.706600325096746 0 
0.4687500953125 0.9225969313177422 6.769920270192259 0 
0.62500009375 0.94120382243405 6.858572924777177 0 
0.937500090625 0.9656276123461228 6.9538126419201545 0 
1.2500000875 0.9801439222051435 6.998398624922626 0 
2.500000075 1.0022138430684744 7.034670780837987 0 
5.00000005 1.0070967239638986 7.000690401235117 0 
10.0 1.0007883541403702 6.9380496049097 0 
