P M R omega20 omega21 omega22 nu
1e-05 0.6371330246284153 18.59176861276821 0.00023697316646575928 0.0022488459944725037 0.005389750003814697 0 
1.1192091703414919e-05 0.6361446118272652 18.420915771067772 0.00020475685596466064 0.0022365301847457886 0.0053926557302474976 0 
1.2384183406829836e-05 0.6340852223734071 18.260561310502094 0.0001761317253112793 0.0022262856364250183 0.005400277674198151 0 
1.3576275110244752e-05 0.6313562088743828 18.110555551646172 0.0001501142978668213 0.0022171959280967712 0.005411937832832336 0 
1.4768366813659669e-05 0.6281994374144055 17.969149144417305 0.0001318231225013733 0.0022337734699249268 0.005501002073287964 0 
1.5960458517074586e-05 0.6248384121985995 17.8243266450767 0.00014059245586395264 0.002351239323616028 0.005845516920089722 0 
1.7152550220489502e-05 0.6216372746222781 17.677445832692932 0.00015644729137420654 0.0024827122688293457 0.006189294159412384 0 
1.834464192390442e-05 0.6187377997462993 17.531658610061573 0.00017436593770980835 0.0026123076677322388 0.006505005061626434 0 
1.9536733627319335e-05 0.6161831422004896 17.388766678342765 0.00019124895334243774 0.0027316510677337646 0.0067784786224365234 0 
2.0728825330734252e-05 0.6139739005231626 17.249821768748085 0.00021172314882278442 0.0028562694787979126 0.00704590231180191 0 
2.1920917034149172e-05 0.6120908198284104 17.11541400327568 0.0002317577600479126 0.0029735639691352844 0.007279291749000549 0 
2.311300873756409e-05 0.6105057577253286 16.98583750799238 0.0002466738224029541 0.0030695199966430664 0.007452018558979034 0 
2.4305100440979005e-05 0.6091875302673921 16.861194424419843 0.00026875734329223633 0.00318184494972229 0.007638506591320038 0 
2.668928384780884e-05 0.6072281115523479 16.626530113897893 0.00030047446489334106 0.003352940082550049 0.007869802415370941 0 
2.9073467254638672e-05 0.6061049284997065 16.40126945797378 0.0003439188003540039 0.0035765767097473145 0.008335933089256287 0 
3.1457650661468505e-05 0.606034710077199 16.18114094617239 0.00039665400981903076 0.0038349777460098267 0.008892267942428589 0 
3.3841834068298345e-05 0.6070438124773013 15.970191083772022 0.00045884400606155396 0.004118733108043671 0.009473033249378204 0 
3.622601747512818e-05 0.6090480542195515 15.770386012959877 0.0005298033356666565 0.004418186843395233 0.010030031204223633 0 
3.861020088195801e-05 0.6119312116632638 15.582302283311142 0.0005841627717018127 0.0046639516949653625 0.01050887256860733 0 
4.0994384288787845e-05 0.6156714040046036 15.403701250363252 0.0006632953882217407 0.00498923659324646 0.011125296354293823 0 
4.337856769561768e-05 0.6202245527540835 15.234787267183934 0.000730268657207489 0.005273960530757904 0.011686190962791443 0 
4.576275110244751e-05 0.6254993711250423 15.07598273087416 0.0008007660508155823 0.005559481680393219 0.012220725417137146 0 
4.8146934509277344e-05 0.6313980925858362 14.927261736560446 0.000880710780620575 0.005862720310688019 0.012744918465614319 0 
5.053111791610718e-05 0.6378386338242991 14.7881145330782 0.0009638592600822449 0.006168447434902191 0.013257645070552826 0 
5.291530132293701e-05 0.6447995562773036 14.657407486010776 0.0010473951697349548 0.006473422050476074 0.013786159455776215 0 
5.7683668136596684e-05 0.6600255854487457 14.42032561729196 0.0012035742402076721 0.007039308547973633 0.014804869890213013 0 
6.245203495025636e-05 0.6765689211852777 14.213137773164412 0.0013793185353279114 0.007615439593791962 0.01573982834815979 0 
6.722040176391602e-05 0.6941391002802428 14.031357961383423 0.0015491172671318054 0.008153669536113739 0.016657307744026184 0 
7.198876857757569e-05 0.7124306227179773 13.871887441290239 0.0017335563898086548 0.008712947368621826 0.017544172704219818 0 
7.675713539123536e-05 0.7312002132087688 13.731650656686329 0.0019141137599945068 0.00917872041463852 0.018302254378795624 0 
8.629386901855469e-05 0.7695564539391829 13.49825077377294 0.002250298857688904 0.00997094064950943 0.019766107201576233 0 
9.583060264587402e-05 0.8081488263701354 13.314009743151555 0.002610713243484497 0.010658219456672668 0.0211186483502388 0 
0.00010536733627319336 0.8463033687436432 13.166448223275522 0.002964317798614502 0.0111880823969841 0.02239157259464264 0 
0.00012444080352783202 0.9198440431666726 12.947360380620486 0.0035657882690429688 0.011826269328594208 0.02476520836353302 0 
0.0001435142707824707 0.9885077524635651 12.79385894064966 0.00413212925195694 0.012146204710006714 0.02695763111114502 0 
0.00016258773803710938 1.0518406738680504 12.680146307859271 0.004502944648265839 0.012271508574485779 0.02887672185897827 0 
0.00020073467254638674 1.1630040737525469 12.519188505335892 0.004921071231365204 0.012520894408226013 0.0317181721329689 0 
0.00023888160705566407 1.2558244553573565 12.403979320659477 0.0050436705350875854 0.012878410518169403 0.033569686114788055 0 
0.00031517547607421873 1.398496971201186 12.229355072687822 0.0046386197209358215 0.013969704508781433 0.034530334174633026 0 
0.00039146934509277345 1.4999044322788526 12.08476482786771 0.004023939371109009 0.015157945454120636 0.033791787922382355 0 
0.0004677632141113281 1.5733494828562775 11.953784971359013 0.0034328997135162354 0.016157828271389008 0.032725393772125244 0 
0.0005440570831298828 1.6273669634627483 11.831760274645422 0.00289231538772583 0.016904212534427643 0.03173977881669998 0 
0.0006203509521484374 1.6675351536279206 11.717058737164812 0.002461642026901245 0.017433136701583862 0.031054548919200897 0 
0.0007729386901855469 1.7201468817056318 11.506796276881376 0.001753285527229309 0.01799459010362625 0.03030138462781906 0 
0.0009255264282226562 1.7494820957650394 11.319008894769585 0.0012145191431045532 0.018009960651397705 0.030258990824222565 0 
0.0010781141662597655 1.7649646347651753 11.15061440340627 0.0007869526743888855 0.017782695591449738 0.030564293265342712 0 
0.0012307019042968749 1.7718291308067884 10.998904673180643 0.00042705237865448 0.0174049511551857 0.0309552401304245 0 
0.0013832896423339844 1.7731593611447827 10.861555830683765 0.00011451542377471924 0.01697670668363571 0.03130786865949631 0 
0.0015358773803710937 1.7708574790456402 10.736597893648492 -0.00015518814325332642 0.016605734825134277 0.03184957057237625 1 
0.0018410528564453124 1.7598124571478386 10.517550105460748 -0.0006178170442581177 0.01588589698076248 0.03242608904838562 1 
0.002146228332519531 1.7443163673881212 10.33153391493749 -0.0010009482502937317 0.015317879617214203 0.03305823355913162 1 
0.0024514038085937497 1.7269946695919556 10.171328945637011 -0.0013373419642448425 0.014790192246437073 0.033374473452568054 1 
0.0027565792846679683 1.7091470411702692 10.031684204257335 -0.001634545624256134 0.01438983529806137 0.033721305429935455 1 
0.003061754760742187 1.6914370177823908 9.908729032736312 -0.001904509961605072 0.014008201658725739 0.0339372381567955 1 
0.0036721057128906247 1.6576135978895634 9.70184158403422 -0.0023873820900917053 0.013348594307899475 0.034097954630851746 1 
0.0042824566650390625 1.6265992997685157 9.534227708115322 -0.002810552716255188 0.012797117233276367 0.03407134860754013 1 
0.0048928076171875 1.5984720504345413 9.395502291821103 -0.0031924694776535034 0.012335531413555145 0.03401017189025879 1 
0.006113509521484374 1.5499288814120034 9.179215495933978 -0.0038646087050437927 0.01156025379896164 0.0337212011218071 1 
0.00733421142578125 1.5097717846399186 9.018700460119351 -0.004453875124454498 0.010926865041255951 0.033438779413700104 1 
0.009775615234375 1.4474016984998723 8.79856947554617 -0.005469948053359985 0.009931281208992004 0.03305850923061371 1 
0.0146584228515625 1.3655896847972049 8.563862862855887 -0.0071214064955711365 0.008375674486160278 0.03181564807891846 1 
0.01954123046875 1.3143914976940128 8.454167700033238 -0.00848177820444107 0.007198333740234375 0.030705474317073822 1 
0.0390724609375 1.222708781941091 8.382601308911726 -0.012608766555786133 0.00411292165517807 0.026863127946853638 1 
0.078134921875 1.1826030366182838 8.538255328936355 -0.018361367285251617 0.0010436847805976868 0.02212677150964737 1 
0.1171973828125 1.1822762588317828 8.690036624731285 -0.022697828710079193 -0.0005961284041404724 0.01908605545759201 2 
0.15625984375 1.1905065080591428 8.80489624943959 -0.026285022497177124 -0.0016588866710662842 0.016968831419944763 2 
0.31250968749999997 1.2283186792402718 9.047225684580251 -0.03700575977563858 -0.003970123827457428 0.012077540159225464 2 
0.625009375 1.2718386670668227 9.18731121498944 -0.05156509578227997 -0.006191864609718323 0.007844313979148865 2 
1.25000875 1.3035743053655797 9.221447639446563 -0.07164376974105835 -0.008734948933124542 0.004335969686508179 2 
2.5000074999999997 1.3178196081965365 9.18534527586371 -0.09938374161720276 -0.011961042881011963 0.0015329867601394653 2 
5.000005 1.3174586213594983 9.120719621574548 -0.13612950593233109 -0.015865743160247803 -0.000601939857006073 3 
10.0 1.3088014622505941 9.059326006004992 -0.17809153348207474 -0.01958516240119934 -0.002030283212661743 3 
