P M R nu
1e-07 0.000300798823277475 0.9045586273268315 0 
6.960464417934418e-07 0.005343964866606199 2.354807696780555 0 
1.2920928835868835e-06 0.013084859721209485 3.166642173469516 0 
1.8881393253803254e-06 0.02239143557892414 3.7791704472277527 0 
2.484185767173767e-06 0.03275506503933876 4.2806137001532765 0 
3.080232208967209e-06 0.04386393869965051 4.708075169876072 0 
3.676278650760651e-06 0.0555162754988518 5.081904459936586 0 
4.272325092554092e-06 0.06756526472283171 5.414523133898983 0 
4.868371534347534e-06 0.07989112314962757 5.713960964616913 0 
5.4644179761409765e-06 0.09240126820143527 5.985957139259037 0 
6.060464417934418e-06 0.10502266359159296 6.2347874099700755 0 
6.656510859727859e-06 0.11769694684522165 6.463743371267021 0 
7.252557301521301e-06 0.13037707321393638 6.6754261879976555 0 
7.848603743314743e-06 0.14302490175048746 6.8719356847466875 0 
8.444650185108185e-06 0.15561028084305106 7.055009874905626 0 
9.040696626901626e-06 0.16812261354039418 7.22629493946908 0 
9.636743068695068e-06 0.18054439768605465 7.387027672943769 0 
1.023278951048851e-05 0.19285691446332123 7.538194678296833 0 
1.082883595228195e-05 0.20504509315559427 7.680651913802738 0 
1.1424882394075393e-05 0.21709676954662355 7.8151466050045 0 
1.2020928835868835e-05 0.22900217060988065 7.942335226706545 0 
1.2616975277662277e-05 0.2407535107688275 8.062797820098453 0 
1.3213021719455719e-05 0.25234467103481295 8.177049653061788 0 
1.3809068161249161e-05 0.2637709368116225 8.285550689292746 0 
1.4405114603042603e-05 0.27502991678044436 8.38872393839712 0 
1.5001161044836045e-05 0.28613007023517617 8.487042640205537 0 
1.5597207486629488e-05 0.29707120717924146 8.580852070218471 0 
1.6193253928422928e-05 0.30785109422674717 8.670439106663682 0 
1.678930037021637e-05 0.31846832658489055 8.756065899016697 0 
1.7385346812009812e-05 0.32892216014177633 8.837972516580374 0 
1.7981393253803253e-05 0.3392123976825136 8.916379355700682 0 
1.8577439695596693e-05 0.349339300498552 8.991489187775151 0 
1.9173486137390137e-05 0.35930351561431917 9.063488974939931 0 
1.976953257918358e-05 0.3691060116563262 9.132551391680606 0 
2.036557902097702e-05 0.378748033103189 9.198836279097694 0 
2.096162546277046e-05 0.388231299593188 9.262493528821452 0 
2.1557671904563905e-05 0.3975643296945676 9.323708141594464 0 
2.2749764788150786e-05 0.41579375133608204 9.439357341317585 0 
2.394185767173767e-05 0.4334499495986036 9.546681606481208 0 
2.5133950555324555e-05 0.45054582729751 9.646445410637558 0 
2.6326043438911436e-05 0.4670959284554332 9.73932211051932 0 
2.751813632249832e-05 0.48311585003810154 9.825907769030762 0 
2.8710229206085204e-05 0.49862342272579674 9.906740775762291 0 
2.990232208967209e-05 0.513654083472037 9.982397708363234 0 
3.109441497325897e-05 0.5282274132822877 10.053317565090437 0 
3.2286507856845854e-05 0.5423571197382616 10.11986146505976 0 
3.3478600740432734e-05 0.5560570652939589 10.182354746532646 0 
3.58627865076065e-05 0.5822229490562588 10.296339766468003 0 
3.824697227478027e-05 0.6068495886468322 10.397390368406477 0 
4.063115804195404e-05 0.6300860087002501 10.487413130424784 0 
4.301534380912781e-05 0.6520232527879408 10.56779508521079 0 
4.539952957630157e-05 0.6727442157814796 10.63968831398488 0 
4.778371534347534e-05 0.6923411510604799 10.704125977400983 0 
5.255208687782287e-05 0.7285314094288624 10.814199482643527 0 
5.7320458412170406e-05 0.7611188680385906 10.903442351969893 0 
6.208882994651794e-05 0.7906056647451069 10.97608786097938 0 
6.685720148086547e-05 0.8173744081936626 11.035265879414025 0 
7.639394454956054e-05 0.8640416832381762 11.122413208663303 0 
9.546743068695067e-05 0.9365054479919916 11.213628257550008 0 
0.00011454091682434081 0.9896401788883429 11.240187827702844 0 
0.00015268788909912108 1.061017540602142 11.202622321173795 0 
0.00019083486137390135 1.1056949439742445 11.114845483155865 0 
0.00022898183364868162 1.1358687006031987 11.010852122970272 0 
0.0002671288059234619 1.157733637674928 10.903394191161908 0 
0.00030527577819824215 1.1747471738035007 10.79755324229281 0 
0.0003434227504730224 1.1888752819353128 10.695430817379249 0 
0.0003815697227478027 1.2012555575078165 10.597861263232843 0 
0.000419716695022583 1.2125046153980157 10.505208439784521 0 
0.0004578636672973633 1.222949611487753 10.417532265895153 0 
0.0004960106395721436 1.2327585061903978 10.334711417566021 0 
0.0005341576118469238 1.242015012105334 10.256518325794131 0 
0.0005723045841217041 1.2507598228901888 10.18266994540935 0 
0.0006104515563964844 1.2590147787405483 10.11285591058986 0 
0.0006485985286712647 1.2667943050601147 10.046763064207243 0 
0.000686745500946045 1.2741106651704188 9.984088312996828 0 
0.0007630394454956054 1.287406765119337 9.86788135386987 0 
0.0008393333900451659 1.2990225595772964 9.762237115536 0 
0.0009156273345947265 1.3090958532060126 9.665514781073131 0 
0.000991921279144287 1.3177725639733169 9.576387019596355 0 
0.0010682152236938477 1.3251970595728961 9.49378206633507 0 
0.001144509168243408 1.3315063826053797 9.416831767289679 0 
0.0012208031127929687 1.3368266555402104 9.344826022469409 0 
0.0012970970573425293 1.3412720579272552 9.277180915399803 0 
0.0013733910018920896 1.3449447988559982 9.213410836055768 0 
0.0015259788909912108 1.3503237518162452 9.095926220176679 0 
0.001678566780090332 1.3535678894453904 8.989791242669076 0 
0.0018311546691894532 1.3551449667892765 8.893096020559284 0 
0.0019837425582885744 1.35541693548896 8.804388209107781 0 
0.002136330447387695 1.3546645831549824 8.722533615359714 0 
0.0022889183364868163 1.3531067661525105 8.646629532010696 0 
0.0024415062255859375 1.3509151355717637 8.575943353647682 0 
0.0025940941146850587 1.3482250116352674 8.50987121621535 0 
0.00274668200378418 1.345143817613581 8.447910115480912 0 
0.003051857781982422 1.3381334412784698 8.334681082637102 0 
0.0033570335601806637 1.3303863734999037 8.23353996871133 0 
0.003662209338378906 1.3222302153763696 8.142449324465808 0 
0.0039673851165771485 1.3138815686031529 8.059840728763007 0 
0.004272560894775391 1.3054849823816106 7.984481319126965 0 
0.004577736672973632 1.297136857202912 7.915382066596948 0 
0.004882912451171875 1.2889013553782434 7.851737429623927 0 
0.005493264007568359 1.2729222236917863 7.738273144715843 0 
0.006103615563964843 1.2577289170905819 7.639970749984697 0 
0.006713967120361328 1.243377121353941 7.55386692104293 0 
0.007324318676757813 1.2298610546487165 7.477760445420258 0 
0.007934670233154298 1.2171454345699693 7.409972459509997 0 
0.008545021789550782 1.2051824930851849 7.349198544946408 0 
0.00976572490234375 1.1833059444874652 7.244758359746626 0 
0.010986428015136718 1.1638269691227048 7.158313503606337 0 
0.012207131127929687 1.146388661978838 7.085714205976548 0 
0.014648537353515626 1.1164873788317566 6.971128533967169 0 
0.01708994357910156 1.0917781473472636 6.885638540913828 0 
0.0195313498046875 1.0710109831774426 6.820330070548921 0 
0.024414162255859375 1.0380503402574004 6.729857627129802 0 
0.02929697470703125 1.013101509582213 6.673624176204013 0 
0.039062599609375 0.9780806598553153 6.617506948235945 0 
0.07812509921875 0.9198275722733787 6.638066519488383 0 
0.11718759882812499 0.9044912524987501 6.734341301842553 0 
0.15625009843749998 0.9017466048515312 6.826690209153195 0 
0.19531259804687498 0.9037682882766473 6.905368627864865 0 
0.23437509765624998 0.907735564902323 6.970830219948041 0 
0.31250009687499997 0.9173788370567787 7.070558758675603 0 
0.4687500953125 0.935529486775999 7.191811482146071 0 
0.62500009375 0.9497037913948652 7.2580434065130355 0 
1.2500000875 0.980768291685601 7.343124239894562 0 
2.500000075 1.0004020122238095 7.341972559182835 0 
5.00000005 1.0070263758570124 7.293621407969838 0 
10.0 1.0040852787242078 7.233533269158071 0 
