P M R nu
1e-07 0.03743559787612728 10.207946358768638 0 
6.960464417934418e-07 0.36722882423031444 20.714389968782005 0 
1.2920928835868835e-06 0.6149977582132452 23.75687888843267 0 
1.8881393253803254e-06 0.796115850172109 25.219223032522393 0 
2.484185767173767e-06 0.9352073148529659 26.046840546080453 0 
3.080232208967209e-06 1.0450656022882292 26.54893090234026 0 
3.676278650760651e-06 1.1353626532107846 26.870100129072537 0 
4.272325092554092e-06 1.2105947266086472 27.076741428780196 0 
4.868371534347534e-06 1.2745569735538493 27.208192027321996 0 
5.4644179761409765e-06 1.3299480839362074 27.289684038899363 0 
6.060464417934418e-06 1.3780676799168752 27.334565693394968 0 
7.252557301521301e-06 1.4583489164057901 27.35309314210808 0 
8.444650185108185e-06 1.522472820578614 27.312968143031267 0 
9.636743068695068e-06 1.575112899548602 27.239008322471737 0 
1.082883595228195e-05 1.6189174504301065 27.145374383263437 0 
1.2020928835868835e-05 1.6560281875019736 27.039919251546646 0 
1.3213021719455719e-05 1.6878166900507676 26.928092953531337 0 
1.4405114603042603e-05 1.715227823277048 26.812846685902176 0 
1.5597207486629488e-05 1.7391906039507168 26.696213374687265 0 
1.678930037021637e-05 1.7602001139358567 26.579775377627122 0 
1.7981393253803253e-05 1.7787190278534475 26.464234916477754 0 
1.9173486137390137e-05 1.795196252505375 26.35012323356997 0 
2.036557902097702e-05 1.8098805414365666 26.238010191198985 0 
2.1557671904563905e-05 1.822988565651763 26.12811736624737 0 
2.2749764788150786e-05 1.8347781411873627 26.020373370973058 0 
2.394185767173767e-05 1.8454072263215153 25.91499700711785 0 
2.5133950555324555e-05 1.8549927116625038 25.812097176265326 0 
2.6326043438911436e-05 1.8636486773673897 25.71161641784568 0 
2.751813632249832e-05 1.871508490962883 25.61338514266228 0 
2.8710229206085204e-05 1.8786522910019594 25.517463062124158 0 
2.990232208967209e-05 1.8851435545867838 25.423855267632522 0 
3.109441497325897e-05 1.8910390119664895 25.332517289694778 0 
3.2286507856845854e-05 1.8964116457380813 25.2432405534576 0 
3.3478600740432734e-05 1.9013158779499213 25.155990446057043 0 
3.467069362401962e-05 1.9057901169299711 25.07075330168199 0 
3.58627865076065e-05 1.9098675352039138 24.98749470468747 0 
3.7054879391193384e-05 1.9135786076721126 24.906153735226425 0 
3.824697227478027e-05 1.9169634068205634 24.826557797376537 0 
3.943906515836716e-05 1.9200521062200484 24.748664563333243 0 
4.063115804195404e-05 1.9228667753911306 24.67244978671745 0 
4.182325092554092e-05 1.9254265388337066 24.597878412832937 0 
4.301534380912781e-05 1.9277485500680065 24.524910430518396 0 
4.420743669271469e-05 1.9298510142328165 24.453459282170687 0 
4.539952957630157e-05 1.93175594446972 24.38341367351187 0 
4.659162245988846e-05 1.9334780539840912 24.314753251229682 0 
4.778371534347534e-05 1.9350295113282676 24.24745099829956 0 
4.897580822706222e-05 1.936421073843012 24.18147628055168 0 
5.016790111064911e-05 1.9376624827238473 24.116796492471853 0 
5.135999399423599e-05 1.9387632035412812 24.053363421264756 0 
5.255208687782287e-05 1.9397356937555474 23.991078874345522 0 
5.493627264499664e-05 1.941332371917372 23.869855879723424 0 
5.7320458412170406e-05 1.9425105695423726 23.752943837095504 0 
5.9704644179344174e-05 1.9433165234226097 23.640135025986773 0 
6.208882994651794e-05 1.9437981271520528 23.531057357457605 0 
6.44730157136917e-05 1.9439970671389046 23.425507379835196 0 
6.685720148086547e-05 1.9439440056021071 23.323342642220997 0 
6.924138724803924e-05 1.9436647023353073 23.224400801826473 0 
7.1625573015213e-05 1.9431864445986737 23.128404291377866 0 
7.400975878238677e-05 1.9425332482115176 23.035213135769872 0 
7.639394454956054e-05 1.9417233811071022 22.944722083439377 0 
7.877813031673432e-05 1.9407721393811086 22.856822423940688 0 
8.116231608390808e-05 1.9396941070116185 22.771329546380404 0 
8.354650185108184e-05 1.938504773461554 22.68809753895414 0 
8.593068761825561e-05 1.9372161672917922 22.607050340799677 0 
8.831487338542938e-05 1.9358381370214013 22.528109421563915 0 
9.069905915260314e-05 1.9343791318556056 22.451192764704707 0 
9.308324491977691e-05 1.932847393706644 22.376150276453618 0 
9.546743068695067e-05 1.9312518329860493 22.30289610934402 0 
9.785161645412444e-05 1.9295994584888503 22.23137381454054 0 
0.00010023580222129821 1.9278961015611318 22.16152673748144 0 
0.00010261998798847197 1.9261468605497363 22.093299484801584 0 
0.00010500417375564574 1.9243559282206781 22.026594203975712 0 
0.00010738835952281951 1.922528500653882 21.96132356481592 0 
0.00010977254528999327 1.9206692849319753 21.897448262424973 0 
0.00011454091682434081 1.9168699096889816 21.773719437914668 0 
0.00011930928835868835 1.9129814889290415 21.65503780140846 0 
0.00012407765989303588 1.909025032628778 21.540925226457524 0 
0.0001288460314273834 1.905020576536726 21.43112676615072 0 
0.00013361440296173093 1.9009820352200522 21.32539193068414 0 
0.00013838277449607848 1.8969197880532565 21.22334556763895 0 
0.000143151146030426 1.892846748065072 21.124783849241595 0 
0.00014791951756477353 1.888772142027654 21.02954240815526 0 
0.00015268788909912108 1.8847008212573568 20.9373713569536 0 
0.00015745626063346863 1.8806394808008007 20.848039201628712 0 
0.00016222463216781615 1.8765950795077055 20.761430030618293 0 
0.00016699300370216368 1.87257216063341 20.677425921478736 0 
0.00017176137523651123 1.8685713194819689 20.59580145621117 0 
0.00017652974677085875 1.8645970002018177 20.516416322989127 0 
0.00018129811830520627 1.860653297670194 20.439191804597527 0 
0.00018606648983955382 1.8567426912039269 20.364046380254845 0 
0.00019083486137390135 1.8528637634201306 20.290802358831083 0 
0.00019560323290824887 1.849018630443489 20.219338596658766 0 
0.00020037160444259642 1.8452102317523162 20.14960241624073 0 
0.00020513997597694394 1.841440304250771 20.08154089299638 0 
0.00020990834751129147 1.8377080209934744 20.01505621007049 0 
0.00021467671904563902 1.8340115234764924 19.949992097720397 0 
0.00021944509057998654 1.8303534406404367 19.88630980875447 0 
0.00022898183364868162 1.8231582135679294 19.762956568604476 0 
0.0002385185767173767 1.8161160029610974 19.64440147782144 0 
0.00024805531978607176 1.8092289708092706 19.53015394449952 0 
0.0002575920628547668 1.802500370974377 19.419970531759834 0 
0.0002671288059234619 1.7959181683914358 19.313248051224097 0 
0.00027666554899215696 1.7894902157185852 19.20983634913019 0 
0.000286202292060852 1.7832097419424562 19.10942443812731 0 
0.0002957390351295471 1.7770703855254397 19.011605458733747 0 
0.00030527577819824215 1.7710791318839207 18.916349418000166 0 
0.0003148125212669372 1.7652241960226132 18.823307778712156 0 
0.0003243492643356323 1.7595052921388656 18.732272765566556 0 
0.00033388600740432735 1.7539267758195758 18.64323983188528 0 
0.0003434227504730224 1.7484773339417647 18.555909152372283 0 
0.0003529594935417175 1.743158284486485 18.470174360363835 0 
0.00036249623661041254 1.7379725702535787 18.38604649118363 0 
0.0003720329796791076 1.7329109792370023 18.30330334843073 0 
0.0003815697227478027 1.7279742211017337 18.221879562005483 0 
0.0003911064658164978 1.7231643812189485 18.141797985125915 0 
0.00040064320888519284 1.7184745962976586 18.062914641276603 0 
0.0004101799519538879 1.7139040271961148 17.985172208571324 0 
0.000419716695022583 1.7094538870908491 17.908598339803888 0 
0.0004292534380912781 1.7051196204713934 17.83311824516681 0 
0.00043879018115997314 1.700898629928803 17.758668826509684 0 
0.0004483269242286682 1.6967911879340014 17.68527351844052 0 
0.0004578636672973633 1.692794709403965 17.61291100366513 0 
0.0004674004103660584 1.6889051587607002 17.541513206472242 0 
0.00047693715343475343 1.6851219835273352 17.471095072710146 0 
0.0004864738965034485 1.681443395555417 17.401660229560896 0 
0.0004960106395721436 1.6778652779445236 17.33315506064576 0 
0.0005055473826408386 1.674386104350561 17.265578544102137 0 
0.0005150841257095337 1.6710041558473196 17.19893815904985 0 
0.0005246208687782288 1.6677162163824406 17.133209432761696 0 
0.0005341576118469238 1.6645195341178396 17.068369543689585 0 
0.0005436943549156189 1.6614123868232418 17.004423648481755 0 
0.000553231097984314 1.6583923526339437 16.941368150415574 0 
0.0005723045841217041 1.6526019130295106 16.817836356146877 0 
0.0005913780702590942 1.6471297787001586 16.697716513333674 0 
0.0006104515563964844 1.641956036051807 16.58090625510611 0 
0.0006295250425338746 1.6370628644154341 16.467344080782247 0 
0.0006485985286712647 1.6324318727496125 16.356930626333796 0 
0.0006676720148086548 1.628046362316852 16.24959415991183 0 
0.000686745500946045 1.6238898066410703 16.145240125304486 0 
0.000705818987083435 1.6199468168173916 16.043788831141285 0 
0.0007248924732208251 1.6162028737176326 15.945149639066154 0 
0.0007439659593582153 1.6126441243491318 15.84924035475887 0 
0.0007630394454956054 1.6092577366828318 15.755971351443764 0 
0.0007821129316329955 1.6060315518884785 15.665262009206506 0 
0.0008011864177703857 1.6029543702176023 15.57702486932234 0 
0.0008202599039077758 1.6000156376766255 15.491182249699445 0 
0.0008393333900451659 1.5972054714172368 15.407649294863472 0 
0.0008584068761825561 1.594514788002631 15.326352581363473 0 
0.0008774803623199462 1.5919349995681462 15.247210633740819 0 
0.0008965538484573363 1.5894583877061144 15.170153690085078 0 
0.0009156273345947265 1.5870774002076666 15.095106368222972 0 
0.0009347008207321167 1.5847854805460062 15.022001300741548 0 
0.0009537743068695068 1.5825761324109955 14.950768491444702 0 
0.0009728477930068969 1.5804436074676163 14.881344810408203 0 
0.000991921279144287 1.5783825161812637 14.813666554626492 0 
0.0010109947652816773 1.5763878342733233 14.747672783070687 0 
0.0010300682514190673 1.574454876414133 14.683304992194952 0 
0.0010682152236938477 1.57075742997037 14.55922531513289 0 
0.0011063621959686279 1.5672594672763402 14.441001416653144 0 
0.001144509168243408 1.5639346943648027 14.328239663740435 0 
0.0011826561405181885 1.5607606665203593 14.220579088988584 0 
0.0012208031127929687 1.5577177398719975 14.117681995710097 0 
0.0012589500850677489 1.5547897399841875 14.019242548090814 0 
0.0012970970573425293 1.5519620836334802 13.924974055750926 0 
0.0013352440296173094 1.5492226930837898 13.834614975150997 0 
0.0013733910018920896 1.546560928783253 13.747922943200782 0 
0.00141153797416687 1.5439678154159002 13.664674731960384 0 
0.0014496849464416502 1.5414353412043609 13.584663239358482 0 
0.0014878319187164304 1.5389570871749831 13.507698256992 0 
0.0015259788909912108 1.5365270181658681 13.433603576674809 0 
0.0015641258632659912 1.5341402271293367 13.362215990144383 0 
0.0016022728355407714 1.5317922607605647 13.293382993863771 0 
0.0016404198078155516 1.5294795945280248 13.226965173685317 0 
0.001678566780090332 1.5271988091363558 13.162830991761643 0 
0.0017548607246398926 1.5227221528068475 13.040940050923364 0 
0.0018311546691894532 1.5183442209746651 12.926836565599993 0 
0.0019074486137390138 1.514051145045641 12.819760591998786 0 
0.0019837425582885744 1.509832733871128 12.719051072849291 0 
0.0020600365028381347 1.5056812578798995 12.62412739832259 0 
0.002136330447387695 1.5015907649156255 12.534477894429706 0 
0.002212624391937256 1.4975567004992567 12.449652317092653 0 
0.0022889183364868163 1.4935759092096377 12.369250701590225 0 
0.0023652122810363767 1.4896455312904953 12.29291613608146 0 
0.0024415062255859375 1.4857637290293093 12.220333024618562 0 
0.0025178001701354983 1.4819289033066962 12.151216120169238 0 
0.0025940941146850587 1.478139821245913 12.085311397036808 0 
0.00274668200378418 1.4706951650836162 11.962237106796259 0 
0.0028992698928833006 1.463423774839197 11.849521970171548 0 
0.003051857781982422 1.456321398030762 11.745860475918304 0 
0.003204445671081543 1.4493841871855309 11.650160815482662 0 
0.0033570335601806637 1.4426089630693075 11.561510873563996 0 
0.003509621449279785 1.435992198797485 11.479136007505065 0 
0.003662209338378906 1.4295306550426485 11.402377283120485 0 
0.0038147972274780273 1.4232206430717382 11.330665616354972 0 
0.0039673851165771485 1.4170588870509553 11.26351531014159 0 
0.004272560894775391 1.40516452567814 11.141242204308451 0 
0.004577736672973632 1.3938177958773192 11.03275191261663 0 
0.004882912451171875 1.3829880753938293 10.935857202429563 0 
0.005188088229370117 1.3726457927271691 10.84883106054271 0 
0.005493264007568359 1.3627620934570368 10.770286066516384 0 
0.005798439785766601 1.3533093089289034 10.69909035153688 0 
0.006103615563964843 1.3442616319654974 10.63431484028193 0 
0.006713967120361328 1.3272850796272497 10.521056278321828 0 
0.007324318676757813 1.311655518194561 10.425661864224493 0 
0.007934670233154298 1.2972197812532436 10.34461312696257 0 
0.008545021789550782 1.283845606522776 10.275278184810716 0 
0.00976572490234375 1.2598414093145989 10.164152134098352 0 
0.010986428015136718 1.238903880857187 10.080856181682742 0 
0.012207131127929687 1.2204748561368957 10.018045508052117 0 
0.014648537353515626 1.1895251483170568 9.935520112550279 0 
0.0195313498046875 1.1440247092168092 9.872954584354039 0 
0.02929697470703125 1.089343030819481 9.924691990593729 0 
0.03417978715820312 1.0720850891187557 9.986125946253845 0 
0.039062599609375 1.0588943924887975 10.05694546912213 0 
0.043945412060546876 1.0486799819904877 10.132234838874304 0 
0.04882822451171875 1.0407071709182762 10.209091882833885 0 
0.05371103696289062 1.0344607187464832 10.285744917252693 0 
0.058593849414062496 1.0295685919498665 10.361111641159956 0 
0.06347666186523437 1.0257536225761914 10.434514684204368 0 
0.06835947431640624 1.0228065930570223 10.505559692275964 0 
0.07324228676757812 1.0205650363116852 10.574014051805248 0 
0.07812509921875 1.0189020382387954 10.639770042635968 0 
0.08789072412109375 1.0169273104270518 10.763096825338783 0 
0.09765634902343749 1.0162865905744578 10.875789712072475 0 
0.10742197392578123 1.0165816243116925 10.97848414451196 0 
0.11718759882812499 1.017538728803602 11.071963093689716 0 
0.12695322373046874 1.0189650689984129 11.157041082570647 0 
0.13671884863281247 1.020722403087414 11.234502746687227 0 
0.14648447353515623 1.0227104189701146 11.305085482184788 0 
0.15625009843749998 1.0248550940468002 11.369460936506744 0 
0.1757813482421875 1.0294095882054377 11.481966979271304 0 
0.19531259804687498 1.0340929754360315 11.576172965756383 0 
0.21484384785156246 1.0387413109362855 11.65540452251874 0 
0.23437509765624998 1.0432629583183286 11.722310217448301 0 
0.273437597265625 1.0517545029882402 11.827198381330295 0 
0.31250009687499997 1.059420101451179 11.903308396374436 0 
0.39062509609374996 1.0723888673519293 11.999473634070032 0 
0.4687500953125 1.0827264503233884 12.050148299791472 0 
0.62500009375 1.0978182846909192 12.084119658498645 0 
1.2500000875 1.1245250040836312 11.997363488862224 0 
1.87500008125 1.1329732706781142 11.886573741253141 0 
2.500000075 1.1359902781941926 11.799961778761295 0 
3.7500000625 1.136722546740322 11.681305940230807 0 
5.00000005 1.1352652209308058 11.605911752593416 0 
7.500000025 1.1312893045810812 11.518241029259958 0 
10.0 1.1276328140326584 11.471175660091234 0 
