P M R nu
1e-07 0.724331479844136 52.98306237489765 0 
6.960464417934418e-07 1.4133119497059219 52.751060911284654 0 
1.2920928835868835e-06 1.617640546885154 50.71140791946074 0 
1.8881393253803254e-06 1.7334348687305832 49.166711445031325 0 
2.484185767173767e-06 1.8118855566863956 47.939660687345736 0 
3.080232208967209e-06 1.8696329234036597 46.92009835697817 0 
3.676278650760651e-06 1.9141141033834408 46.055253761336125 0 
4.272325092554092e-06 1.949919032434204 45.2986449193218 0 
4.868371534347534e-06 1.9793021437915055 44.630897257069286 0 
5.4644179761409765e-06 2.0037835568959776 44.031816923898994 0 
6.060464417934418e-06 2.0247305027663174 43.48776603883343 0 
6.656510859727859e-06 2.042636245547436 42.99232534365911 0 
7.252557301521301e-06 2.0581384871858983 42.53570291232241 0 
7.848603743314743e-06 2.0717731945921027 42.11204390350258 0 
8.444650185108185e-06 2.083758293088799 41.71836737530172 0 
9.040696626901626e-06 2.094293596424206 41.35102896912081 0 
9.636743068695068e-06 2.1036938236507803 41.0052086355316 0 
1.023278951048851e-05 2.112113045939004 40.679215979447505 0 
1.082883595228195e-05 2.119643059515367 40.371544656298674 0 
1.1424882394075393e-05 2.1263652338427534 40.080556170599216 0 
1.2020928835868835e-05 2.132421951927344 39.80356612722795 0 
1.2616975277662277e-05 2.137905092676791 39.53946521944663 0 
1.3213021719455719e-05 2.142864463713229 39.287492182453974 0 
1.3809068161249161e-05 2.1473397449380944 39.04687161494321 0 
1.4405114603042603e-05 2.151368871876407 38.81674069100996 0 
1.5001161044836045e-05 2.1550206528715 38.5956178090877 0 
1.5597207486629488e-05 2.1583398539119143 38.38292696717838 0 
1.6193253928422928e-05 2.1613525856637574 38.178259343022404 0 
1.678930037021637e-05 2.1640797428326746 37.98119949763648 0 
1.7385346812009812e-05 2.166539305427621 37.79134110962457 0 
1.7981393253803253e-05 2.168751616168137 37.60813923044348 0 
1.8577439695596693e-05 2.170751328206151 37.43079018658352 0 
1.9173486137390137e-05 2.1725584422096307 37.25903945530811 0 
1.976953257918358e-05 2.1741864448369705 37.09265738081594 0 
2.036557902097702e-05 2.175646307843851 36.931413522486004 0 
2.096162546277046e-05 2.1769475726654064 36.77508172776131 0 
2.1557671904563905e-05 2.178098778332368 36.62344266268248 0 
2.2153718346357346e-05 2.1791125480941225 36.476077724903234 0 
2.2749764788150786e-05 2.1800053059744484 36.332625879273856 0 
2.334581122994423e-05 2.1807862679333545 36.19295708586401 0 
2.394185767173767e-05 2.181462438928816 36.056940403332725 0 
2.453790411353111e-05 2.182039698460198 35.92444291605419 0 
2.5133950555324555e-05 2.1825231768045885 35.79533684303537 0 
2.5729996997117995e-05 2.1829174610785635 35.66949363724584 0 
2.6326043438911436e-05 2.1832269358242073 35.54677783142557 0 
2.692208988070488e-05 2.183459417707991 35.42688462690114 0 
2.751813632249832e-05 2.183622227430731 35.309676712084716 0 
2.811418276429176e-05 2.183720099977734 35.195077865079654 0 
2.8710229206085204e-05 2.1837567385414323 35.08300792816287 0 
2.9306275647878648e-05 2.1837353611088006 34.973389871650745 0 
2.990232208967209e-05 2.183658785376717 34.8661472966883 0 
3.049836853146553e-05 2.183529551141735 34.76120678431211 0 
3.109441497325897e-05 2.1833499399067033 34.65849377352253 0 
3.169046141505241e-05 2.183122389312376 34.55790841376845 0 
3.2286507856845854e-05 2.1828511424980452 34.459263492502046 0 
3.28825542986393e-05 2.1825397511182745 34.36249765709895 0 
3.3478600740432734e-05 2.1821907884240317 34.26756497401102 0 
3.407464718222618e-05 2.1818063444540945 34.17441792848991 0 
3.467069362401962e-05 2.1813881424380646 34.08300827842784 0 
3.526674006581306e-05 2.180937825097438 33.99329158066752 0 
3.58627865076065e-05 2.1804567898041465 33.90522055908509 0 
3.645883294939995e-05 2.179946368177708 33.818753937544365 0 
3.7054879391193384e-05 2.179407747602104 33.733845894214866 0 
3.765092583298683e-05 2.1788421503928537 33.65042810173765 0 
3.824697227478027e-05 2.1782516855267264 33.56838573450854 0 
3.8843018716573715e-05 2.1776383587115626 33.48768571305739 0 
3.943906515836716e-05 2.177003582158395 33.40829684309636 0 
4.0035111600160596e-05 2.1763485661673987 33.33019105628898 0 
4.063115804195404e-05 2.1756743584612797 33.25333838567487 0 
4.1227204483747484e-05 2.174981859197535 33.177710861865506 0 
4.182325092554092e-05 2.1742719024358257 33.103280881019344 0 
4.2419297367334365e-05 2.173545249879746 33.03001966642398 0 
4.301534380912781e-05 2.1728025947580183 32.95790074803595 0 
4.3611390250921245e-05 2.1720445847698326 32.886897780418586 0 
4.420743669271469e-05 2.171271787883247 32.81697485476422 0 
4.480348313450813e-05 2.1704850482177207 32.748052260136475 0 
4.539952957630157e-05 2.169685586516838 32.68010538241966 0 
4.5995576018095014e-05 2.168874250564831 32.61311314667827 0 
4.659162245988846e-05 2.168051791454602 32.54705848862207 0 
4.7187668901681895e-05 2.1672188453184873 32.481923052444124 0 
4.778371534347534e-05 2.166375954420967 32.41768876871564 0 
4.837976178526878e-05 2.1655236040728854 32.354336903746486 0 
4.897580822706222e-05 2.1646622470053014 32.291849934475 0 
5.016790111064911e-05 2.1629141842544874 32.169404688634714 0 
5.135999399423599e-05 2.1611346474843054 32.05021634593162 0 
5.255208687782287e-05 2.1593261542859876 31.934062844019348 0 
5.3744179761409757e-05 2.1574928200591934 31.820738500493157 0 
5.493627264499664e-05 2.1556382615856866 31.71014994997065 0 
5.612836552858352e-05 2.153765170637031 31.602204454157196 0 
5.7320458412170406e-05 2.151875637274771 31.49680942680675 0 
5.8512551295757294e-05 2.1499714824019445 31.39387738912192 0 
5.9704644179344174e-05 2.1480542579049815 31.29332510076505 0 
6.0896737062931055e-05 2.1461248496786687 31.19500271365148 0 
6.208882994651794e-05 2.1441853739953975 31.09877672009337 0 
6.328092283010482e-05 2.1422379685260755 31.004582804832722 0 
6.44730157136917e-05 2.140284214902427 30.912361203487396 0 
6.566510859727859e-05 2.1383253743913158 30.822051269839502 0 
6.685720148086547e-05 2.136362491686659 30.733597601268883 0 
6.804929436445235e-05 2.1343964690287573 30.64694250410097 0 
6.924138724803924e-05 2.1324280101413593 30.562030086364828 0 
7.043348013162612e-05 2.130457207107902 30.478748246390303 0 
7.1625573015213e-05 2.128485266248004 30.397021804535797 0 
7.281766589879989e-05 2.1265134225564957 30.316810853878124 0 
7.400975878238677e-05 2.124542537376696 30.238074263419257 0 
7.520185166597365e-05 2.122573345897971 30.16077485646301 0 
7.639394454956054e-05 2.1206063745866035 30.08487247855741 0 
7.758603743314743e-05 2.1186421411202283 30.01033142159361 0 
7.877813031673432e-05 2.1166810569889307 29.937114613290827 0 
7.997022320032119e-05 2.114723265557617 29.865177793475798 0 
8.116231608390808e-05 2.112768613346679 29.794438712703762 0 
8.235440896749497e-05 2.110817838700553 29.724861439885125 0 
8.354650185108184e-05 2.1088716236439953 29.656419745867066 0 
8.473859473466873e-05 2.106930444157923 29.589086308284276 0 
8.593068761825561e-05 2.1049946804704063 29.52283672018693 0 
8.712278050184249e-05 2.10306460560727 29.45764285302844 0 
8.831487338542938e-05 2.101140490271183 29.393483209160692 0 
8.950696626901626e-05 2.0992225407607354 29.33033176877272 0 
9.069905915260314e-05 2.0973109075463876 29.26816511951651 0 
9.308324491977691e-05 2.0935055635883217 29.146602567693716 0 
9.546743068695067e-05 2.0897259328944764 29.028538731473443 0 
9.785161645412444e-05 2.085974380592569 28.913830022974338 0 
0.00010023580222129821 2.082252235468533 28.802337187227327 0 
0.00010261998798847197 2.0785603946587754 28.69393178839222 0 
0.00010500417375564574 2.074898360290226 28.588448927617083 0 
0.00010738835952281951 2.0712653915747983 28.48567412227184 0 
0.00010977254528999327 2.067663062858761 28.385501664160635 0 
0.00011215673105716703 2.064092172174544 28.28783842465628 0 
0.00011454091682434081 2.0605531708801954 28.19259224772338 0 
0.00011692510259151458 2.0570462441527724 28.099677088236295 0 
0.00011930928835868835 2.0535700658463965 28.008959370770718 0 
0.00012169347412586211 2.0501240114253605 27.920300705220527 0 
0.00012407765989303588 2.0467089358300434 27.833635297375995 0 
0.00012646184566020963 2.0433252174115144 27.74889777594727 0 
0.0001288460314273834 2.039972962634499 27.666026214783503 0 
0.00013123021719455718 2.0366521047495323 27.584961408980792 0 
0.00013361440296173093 2.0333619562630347 27.505629296178835 0 
0.0001359985887289047 2.03010076407681 27.427909412126027 0 
0.00013838277449607848 2.0268689958869794 27.351746245561053 0 
0.00014076696026325223 2.0236668961180384 27.277095872723805 0 
0.000143151146030426 2.020494570038784 27.203914805445912 0 
0.00014553533179759978 2.0173518758961957 27.132161937838234 0 
0.00014791951756477353 2.014238647195212 27.06179620590263 0 
0.0001503037033319473 2.01115402709031 26.992763384739884 0 
0.00015268788909912108 2.0080962715813184 26.924969110433402 0 
0.00015507207486629485 2.005065746787476 26.858377724716732 0 
0.00015745626063346863 2.002062572317326 26.792959487933818 0 
0.00015984044640064238 1.999086743635436 26.72868445770558 0 
0.00016222463216781615 1.9961381445039883 26.665524520034772 0 
0.00016699300370216368 1.9903218215970313 26.54244037605268 0 
0.00017176137523651123 1.9846066266908131 26.42334219212788 0 
0.00017652974677085875 1.9789897573432138 26.307930470585134 0 
0.00018129811830520627 1.9734713189685889 26.19604733583864 0 
0.00018606648983955382 1.9680501770850234 26.08754427374887 0 
0.00019083486137390135 1.9627199980815995 25.98215156022913 0 
0.00019560323290824887 1.9574769541044754 25.879617033989213 0 
0.00020037160444259642 1.952321495858482 25.77983652190171 0 
0.00020513997597694394 1.9472529180647808 25.682709505600005 0 
0.00020990834751129147 1.9422679976486374 25.58809564457689 0 
0.00021467671904563902 1.937359574140521 25.495725010922367 0 
0.00021944509057998654 1.932528114156537 25.40550795776867 0 
0.00022421346211433407 1.9277735582325164 25.317378660968814 0 
0.00022898183364868162 1.9230952629530484 25.23127496922449 0 
0.00023375020518302917 1.9184881190728758 25.14704007801918 0 
0.0002385185767173767 1.9139471489201445 25.06447885933182 0 
0.00024328694825172421 1.9094734130712874 24.98354800874699 0 
0.00024805531978607176 1.9050670366065938 24.904208737213462 0 
0.0002528236913204193 1.9007276485913867 24.826424159570866 0 
0.0002575920628547668 1.8964504443022332 24.750065685863984 0 
0.00026236043438911436 1.8922305172685951 24.674963099444334 0 
0.0002671288059234619 1.8880691047700968 24.601089299310317 0 
0.0002718971774578094 1.8839666492635592 24.528426166024772 0 
0.00027666554899215696 1.879923160517953 24.45695204482904 0 
0.0002814339205265045 1.8759363528232649 24.386607028552476 0 
0.000286202292060852 1.8719995518445203 24.317211554510003 0 
0.00029097066359519956 1.8681136627810393 24.24873553133755 0 
0.0002957390351295471 1.8642794671172018 24.18117094251149 0 
0.0003005074066638946 1.860497301553172 24.114508475201614 0 
0.00030527577819824215 1.8567671454076886 24.04873885721191 0 
0.0003100441497325897 1.8530837763515902 23.983744095555977 0 
0.0003148125212669372 1.8494448233644034 23.919432306870355 0 
0.00031958089280128475 1.8458514145707186 23.855802905018738 0 
0.0003243492643356323 1.8423042378161913 23.79285353323629 0 
0.00033388600740432735 1.8353489778740795 23.66898365320483 0 
0.0003434227504730224 1.8285624687410604 23.547399828434187 0 
0.0003529594935417175 1.8219413774554085 23.42788181445057 0 
0.00036249623661041254 1.8154884879962496 23.31044576601479 0 
0.0003720329796791076 1.8091908595371655 23.194781998868134 0 
0.0003815697227478027 1.8030461974468677 23.080753586302645 0 
0.0003911064658164978 1.7970566477056718 22.96839272130034 0 
0.00040064320888519284 1.7912132715987195 22.857512498587 0 
0.0004101799519538879 1.7855129066754565 22.74799986528061 0 
0.000419716695022583 1.779956874796484 22.639900079191133 0 
0.0004292534380912781 1.7745399421095451 22.533126421045896 0 
0.00043879018115997314 1.769257389163298 22.427574094381374 0 
0.0004483269242286682 1.764109655250284 22.323278601699766 0 
0.0004578636672973633 1.7590939910253431 22.220234042509215 0 
0.0004674004103660584 1.7542048351621196 22.118335544230817 0 
0.00047693715343475343 1.7494416011461782 22.01761408336421 0 
0.0004864738965034485 1.7448025759364671 21.918087196052873 0 
0.0004960106395721436 1.740282727197288 21.819689811388063 0 
0.0005055473826408386 1.735880099572115 21.72242353062892 0 
0.0005150841257095337 1.7315930246656157 21.626309927318207 0 
0.0005246208687782288 1.7274179989565812 21.53133066598812 0 
0.0005341576118469238 1.7233516173438812 21.437457148610576 0 
0.0005436943549156189 1.7193920623655967 21.34470750457169 0 
0.000553231097984314 1.7155368004579643 21.25308714263205 0 
0.000562767841053009 1.7117821706884988 21.16256735702654 0 
0.0005723045841217041 1.708125795269217 21.073147985429976 0 
0.0005818413271903992 1.70456543904664 20.9848382092904 0 
0.0005913780702590942 1.7010981751573169 20.89763069045636 0 
0.0006009148133277893 1.6977209477458153 20.811502458551555 0 
0.0006104515563964844 1.6944315781240693 20.726460154499957 0 
0.0006199882994651795 1.6912277125322346 20.642505940112258 0 
0.0006295250425338746 1.6881063731641461 20.55962025249548 0 
0.0006390617856025696 1.6850651467874818 20.477793138919793 0 
0.0006485985286712647 1.6821017651430155 20.397026546995352 0 
0.0006581352717399598 1.6792139673821416 20.31731475716722 0 
0.0006676720148086548 1.676399111320912 20.238638028456865 0 
0.0006772087578773499 1.6736549090773478 20.160991304243378 0 
0.000686745500946045 1.6709794677564365 20.08436820990457 0 
0.0006962822440147399 1.6683704537575559 20.00876005972987 0 
0.000705818987083435 1.6658256021667486 19.934150192264276 0 
0.0007153557301521301 1.6633429927332428 19.860531707640256 0 
0.0007248924732208251 1.6609205826789084 19.787894557643515 0 
0.0007344292162895202 1.6585565717360355 19.716229750229193 0 
0.0007439659593582153 1.6562487955795286 19.64552089778928 0 
0.0007535027024269103 1.6539955295277011 19.57575730588429 0 
0.0007630394454956054 1.651795048689677 19.50693073294536 0 
0.0007725761885643005 1.6496456652939393 19.439029976040388 0 
0.0007821129316329955 1.6475455291612462 19.372037484359282 0 
0.0007916496747016906 1.6454930129736354 19.305944789907265 0 
0.0008011864177703857 1.643486717227209 19.24074034021592 0 
0.0008107231608390807 1.6415249818009439 19.176413116604127 0 
0.0008202599039077758 1.6396063737522777 19.112946330473402 0 
0.0008393333900451659 1.635892731231928 18.988554277257315 0 
0.0008584068761825561 1.6323350361752578 18.867470168033424 0 
0.0008774803623199462 1.6289230100455554 18.749590857008503 0 
0.0008965538484573363 1.625647195395346 18.63482734147575 0 
0.0009156273345947265 1.6224986512771649 18.523077810196785 0 
0.0009347008207321167 1.6194691525842253 18.414253659810385 0 
0.0009537743068695068 1.6165509195273264 18.30825797845064 0 
0.0009728477930068969 1.613736922390395 18.20500270507586 0 
0.000991921279144287 1.611020373202171 18.104400967317794 0 
0.0010109947652816773 1.6083949877910018 18.00636640475268 0 
0.0010300682514190673 1.6058549358173404 17.91081603579133 0 
0.0010491417375564575 1.6033950189002633 17.817668019133965 0 
0.0010682152236938477 1.6010100229276323 17.72684265610218 0 
0.0010872887098312377 1.598695329643386 17.63826663746548 0 
0.0011063621959686279 1.5964466136877906 17.551864017550923 0 
0.001125435682106018 1.5942598343227912 17.46756444370385 0 
0.001144509168243408 1.5921310943148403 17.385299865029825 0 
0.0011635826543807983 1.5900569813830039 17.30500149524188 0 
0.0011826561405181885 1.5880342559997929 17.226607395800105 0 
0.0012017296266555785 1.5860597837033268 17.150054751426676 0 
0.0012208031127929687 1.58413068887655 17.075283997533884 0 
0.0012398765989303589 1.5822444786206746 17.00223602328331 0 
0.0012589500850677489 1.5803986157427412 16.93085827042767 0 
0.001278023571205139 1.5785907294468127 16.86109635663566 0 
0.0012970970573425293 1.5768187405503231 16.792896081470495 0 
0.0013161705434799192 1.575080628750375 16.726210896483686 0 
0.0013352440296173094 1.573374582924538 16.660994989292057 0 
0.0013543175157546996 1.5716987363547108 16.597196315028548 0 
0.0013733910018920896 1.570051587876951 16.534776664864317 0 
0.00141153797416687 1.5668371732339388 16.41389422358552 0 
0.0014496849464416502 1.5637203239322497 16.29802963575985 0 
0.0014878319187164304 1.5606914582754643 16.186880979310747 0 
0.0015259788909912108 1.5577420912811144 16.0801731410839 0 
0.0015641258632659912 1.55486482989767 15.97764789798554 0 
0.0016022728355407714 1.5520531774487891 15.879066730675678 0 
0.0016404198078155516 1.5493015205800136 15.784211194065472 0 
0.001678566780090332 1.5466047148337412 15.692871091289009 0 
0.0017167137523651124 1.5439583233305587 15.604856620941986 0 
0.0017548607246398926 1.5413585812408535 15.51999216081269 0 
0.0017930076969146728 1.538801826490309 15.438108539041052 0 
0.0018311546691894532 1.5362852184484332 15.359050931656222 0 
0.0018693016414642336 1.5338057032946428 15.282675261128201 0 
0.0019074486137390138 1.531361236459227 15.208846551598768 0 
0.001945595586013794 1.528949440876263 15.137439055108016 0 
0.0019837425582885744 1.526568452268597 15.068338455510526 0 
0.0020218895305633543 1.5242165682427267 15.001425326214655 0 
0.0020600365028381347 1.521892194826314 14.936602466042135 0 
0.002136330447387695 1.5173207671281626 14.812837558462874 0 
0.002212624391937256 1.5128445943183093 14.6963353958026 0 
0.0022889183364868163 1.508456295199347 14.586468342385931 0 
0.0023652122810363767 1.504149324887866 14.482678152974874 0 
0.0024415062255859375 1.499918682399208 14.384469201996648 0 
0.0025178001701354983 1.4957599073115422 14.291400429476406 0 
0.0025940941146850587 1.4916693683163968 14.203071108341993 0 
0.002670388059234619 1.487643903742107 14.119132067216636 0 
0.00274668200378418 1.4836810619793654 14.039257107978242 0 
0.0028229759483337402 1.4797782089481837 13.9631593509308 0 
0.0028992698928833006 1.4759335104457476 13.890575076519104 0 
0.0029755638374328614 1.4721449896248442 13.821267831790069 0 
0.003051857781982422 1.4684113103479426 13.755020048673263 0 
0.003204445671081543 1.461101757473314 13.630932147244433 0 
0.0033570335601806637 1.4539945169562996 13.516924794262936 0 
0.003509621449279785 1.4470803083238737 13.41183878139692 0 
0.003662209338378906 1.4403511068367107 13.314682159111154 0 
0.0038147972274780273 1.433799321785304 13.224610305921287 0 
0.0039673851165771485 1.4274183888417753 13.140902338286999 0 
0.004119973005676269 1.4212016267709668 13.062929198643829 0 
0.004272560894775391 1.415142896468662 12.990150503399057 0 
0.004425148783874512 1.4092367637671293 12.92208812264536 0 
0.004577736672973632 1.403477521035149 12.858327266057984 0 
0.004882912451171875 1.3923789319555187 12.742270652989975 0 
0.005188088229370117 1.3818080704814821 12.639511188154305 0 
0.005493264007568359 1.371728840373581 12.548077643445312 0 
0.005798439785766601 1.3621079731252426 12.46638439984867 0 
0.006103615563964843 1.3529152443759396 12.393130049177673 0 
0.006408791342163086 1.3441227280779275 12.327252031408605 0 
0.006713967120361328 1.335704315588605 12.267847697472092 0 
0.007324318676757813 1.3198982304959612 12.16558632686712 0 
0.007934670233154298 1.3053297471462817 12.081586811928446 0 
0.008545021789550782 1.291856742237743 12.012339306882911 0 
0.00976572490234375 1.2677300140977088 11.908065003413425 0 
0.012207131127929687 1.2283099256644217 11.792258778388272 0 
0.014648537353515626 1.1974522805024599 11.75181679379464 0 
0.0195313498046875 1.1523475946465773 11.787429484766173 0 
0.024414162255859375 1.1212257674469448 11.899009970348606 0 
0.02685556848144531 1.109136986459984 11.968847953330316 0 
0.02929697470703125 1.098784721887465 12.04401584141821 0 
0.03173838093261719 1.0898651124579246 12.122616883687702 0 
0.03417978715820312 1.082141871956845 12.203288074399389 0 
0.03662119338378906 1.075428463085652 12.285039057828138 0 
0.039062599609375 1.069574833056403 12.367129234842778 0 
0.04150400583496094 1.0644597014534627 12.44902362894871 0 
0.043945412060546876 1.059982276884399 12.53029709358672 0 
0.04638681828613281 1.0560600737311263 12.610654453379512 0 
0.04882822451171875 1.0526229597693921 12.689852625980492 0 
0.051269630737304686 1.0496120678249945 12.767721951719025 0 
0.05371103696289062 1.0469772819689274 12.844137156777515 0 
0.05615244318847656 1.0446757175195238 12.919006061008439 0 
0.058593849414062496 1.0426702828499073 12.992260638800396 0 
0.061035255639648435 1.0409286011739072 13.063860984740396 0 
0.06347666186523437 1.0394228487856572 13.133781102201144 0 
0.0659180680908203 1.0381287088546165 13.202010911722823 0 
0.06835947431640624 1.0370244824801012 13.268548038440402 0 
0.07080088054199218 1.0360910473242546 13.333400754007846 0 
0.07324228676757812 1.0353119404444786 13.396586695163357 0 
0.07812509921875 1.034157834656708 13.518035008935982 0 
0.08300791166992187 1.0334609240497423 13.633102324188329 0 
0.08789072412109375 1.033140338917073 13.742041930238388 0 
0.09277353657226561 1.033130442839606 13.845127301049313 0 
0.09765634902343749 1.0333774096899244 13.942639569023044 0 
0.10253916147460937 1.0338374049578098 14.034865654611398 0 
0.10742197392578123 1.0344740405109396 14.122090311841562 0 
0.11230478637695311 1.0352570303027457 14.204585888743395 0 
0.11718759882812499 1.0361609798477143 14.28261497176659 0 
0.12207041127929687 1.0371645626612165 14.356429926607044 0 
0.12695322373046874 1.038250230777115 14.426275804867641 0 
0.1318360361816406 1.0394025634162982 14.492374654276837 0 
0.13671884863281247 1.0406086994073047 14.554943306463676 0 
0.14648447353515623 1.043141135841565 14.670296411929476 0 
0.15625009843749998 1.0457782720219189 14.773814432480242 0 
0.16601572333984374 1.0484701769930975 14.86681082009659 0 
0.1757813482421875 1.0511799600958245 14.9504401903779 0 
0.18554697314453122 1.053880885785821 15.025713703984467 0 
0.19531259804687498 1.0565535080380506 15.093521449478109 0 
0.21484384785156246 1.0617625263065709 15.209805100894831 0 
0.23437509765624998 1.0667382145527355 15.304521478997755 0 
0.2539063474609375 1.0714499223223914 15.381761527402812 0 
0.273437597265625 1.07588914374188 15.444748348167034 0 
0.31250009687499997 1.0839710971140017 15.53764022615849 0 
0.62500009375 1.1224508849555437 15.643677956941142 0 
0.7812500921875 1.1321777781605322 15.576174366397098 0 
0.937500090625 1.1388938254113448 15.498264181429402 0 
1.0937500890625 1.1436874332053557 15.421111907666003 0 
1.2500000875 1.1471893150380936 15.34854411970785 0 
1.4062500859374998 1.1497886177882162 15.281672953505923 0 
1.5625000843749999 1.1517365762820921 15.220548762510804 0 
1.87500008125 1.1543047547561986 15.114009112328574 0 
2.187500078125 1.1557309735324897 15.025157262753147 0 
2.500000075 1.1564575905029295 14.950403038175686 0 
3.12500006875 1.1567234446209926 14.832388536130514 0 
3.7500000625 1.1561693612876618 14.744125743901765 0 
5.00000005 1.154148626245537 14.622611041875412 0 
6.2500000374999996 1.1518373189519635 14.544704120388884 0 
7.500000025 1.1496066314452837 14.49204319998649 0 
10.0 1.145699960179314 14.428906987695472 0 
