P M R nu
1e-07 0.10503249210878031 17.32502416723362 0 
6.960464417934418e-07 0.668144352593371 29.284002912754925 0 
1.2920928835868835e-06 0.9643230456054589 31.499389161271854 0 
1.8881393253803254e-06 1.1519617179152384 32.28580379792618 0 
2.484185767173767e-06 1.2841904898090735 32.59285853064583 0 
3.080232208967209e-06 1.3847890535194325 32.69381321340134 0 
3.676278650760651e-06 1.4636014935714652 32.68675599330539 0 
4.272325092554092e-06 1.5281665926209442 32.62349485198468 0 
4.868371534347534e-06 1.5815504834909402 32.52706873758983 0 
5.4644179761409765e-06 1.6269776282192598 32.411401771190725 0 
6.060464417934418e-06 1.66606159937107 32.28537621761987 0 
6.656510859727859e-06 1.6998453767405892 32.15345404926385 0 
7.252557301521301e-06 1.7296201959992568 32.018481910484844 0 
7.848603743314743e-06 1.7560214032525079 31.883017664361887 0 
8.444650185108185e-06 1.779463513304973 31.748415033001404 0 
9.040696626901626e-06 1.8004463874659942 31.61508710903827 0 
9.636743068695068e-06 1.8194306181324873 31.483621576502177 0 
1.023278951048851e-05 1.8366319059026008 31.354647532412827 0 
1.082883595228195e-05 1.8522278244927923 31.228449827545123 0 
1.1424882394075393e-05 1.8664185718976622 31.10494747056864 0 
1.2020928835868835e-05 1.8794469373216758 30.98397890040669 0 
1.2616975277662277e-05 1.8914276070161493 30.865771085953696 0 
1.3213021719455719e-05 1.9024501158627236 30.75039973153379 0 
1.3809068161249161e-05 1.9125924488594437 30.637863205460288 0 
1.4405114603042603e-05 1.9219500592977605 30.52795233688504 0 
1.5001161044836045e-05 1.930638106838753 30.42043903475801 0 
1.5597207486629488e-05 1.9387131266184747 30.315382946802956 0 
1.6193253928422928e-05 1.9462203454734388 30.212779981615384 0 
1.678930037021637e-05 1.9531993881797427 30.112592669781364 0 
1.7385346812009812e-05 1.9596859625672933 30.01476511080524 0 
1.7981393253803253e-05 1.965733688842402 29.91905518768952 0 
1.8577439695596693e-05 1.9713928460687464 29.825342396910003 0 
1.9173486137390137e-05 1.9766909901767253 29.733626805993232 0 
1.976953257918358e-05 1.9816511758121163 29.643881449206905 0 
2.036557902097702e-05 1.986293845101103 29.556067076311045 0 
2.096162546277046e-05 1.99063749894691 29.470136140151784 0 
2.1557671904563905e-05 1.9947004602116214 29.386018828110643 0 
2.2153718346357346e-05 1.9985135175132103 29.303517250669596 0 
2.2749764788150786e-05 2.002097518382357 29.22258930886309 0 
2.334581122994423e-05 2.0054664253558756 29.143217974352766 0 
2.394185767173767e-05 2.0086322314626 29.065375949684853 0 
2.453790411353111e-05 2.011605709967682 28.989031043819644 0 
2.5133950555324555e-05 2.0143966710453407 28.914147905764555 0 
2.5729996997117995e-05 2.0170141985734134 28.840689667182936 0 
2.6326043438911436e-05 2.0194692208356044 28.768577674604998 0 
2.692208988070488e-05 2.0217777697991117 28.697690581255685 0 
2.751813632249832e-05 2.0239491628476225 28.628013273310916 0 
2.811418276429176e-05 2.025990716088549 28.55952760016015 0 
2.8710229206085204e-05 2.0279088345578273 28.492211927407197 0 
2.9306275647878648e-05 2.029709366554201 28.42604262245787 0 
2.990232208967209e-05 2.0313976389467845 28.360994550729906 0 
3.049836853146553e-05 2.032978628383274 28.297042359982644 0 
3.109441497325897e-05 2.034456952484167 28.23415995929898 0 
3.2286507856845854e-05 2.0371337516952037 28.111316197960406 0 
3.3478600740432734e-05 2.039476480166489 27.992157093125737 0 
3.467069362401962e-05 2.0415158140950536 27.876565100561155 0 
3.58627865076065e-05 2.0432767331321466 27.76440460060215 0 
3.7054879391193384e-05 2.044780907000492 27.655535347930954 0 
3.824697227478027e-05 2.046053641104378 27.549678413148655 0 
3.943906515836716e-05 2.04712116067754 27.446631919847206 0 
4.063115804195404e-05 2.048000927498433 27.346311067185656 0 
4.182325092554092e-05 2.048707301583571 27.248622171829354 0 
4.301534380912781e-05 2.0492528157099055 27.153471033127072 0 
4.420743669271469e-05 2.0496490055044783 27.06074146872768 0 
4.539952957630157e-05 2.0499110616369594 26.97021843420972 0 
4.659162245988846e-05 2.0500515033839033 26.881819529641405 0 
4.778371534347534e-05 2.0500797010351772 26.795483155882643 0 
4.897580822706222e-05 2.0500035465742457 26.711144161133213 0 
5.016790111064911e-05 2.049830054869428 26.628738230081755 0 
5.135999399423599e-05 2.0495654905098615 26.548197940149564 0 
5.255208687782287e-05 2.049217365003294 26.46938024978561 0 
5.3744179761409757e-05 2.0487935682273646 26.392202792226932 0 
5.493627264499664e-05 2.048299949441004 26.316623227918917 0 
5.612836552858352e-05 2.0477414139977603 26.242597721272713 0 
5.7320458412170406e-05 2.0471222177510544 26.17008137536378 0 
5.8512551295757294e-05 2.0464462252932325 26.099030768449488 0 
5.9704644179344174e-05 2.0457168819676625 26.029400191526122 0 
6.0896737062931055e-05 2.044938041789943 25.961089603329267 0 
6.208882994651794e-05 2.044114216992487 25.894041115605262 0 
6.328092283010482e-05 2.0432489106932086 25.828224608302037 0 
6.44730157136917e-05 2.042345072333878 25.7636104809658 0 
6.566510859727859e-05 2.0414052500294986 25.700167277474787 0 
6.685720148086547e-05 2.040431711379154 25.63786511493333 0 
6.924138724803924e-05 2.038391644453353 25.516559168758658 0 
7.1625573015213e-05 2.0362411762148818 25.39930373738013 0 
7.400975878238677e-05 2.033997753157951 25.28584580471085 0 
7.639394454956054e-05 2.0316743721290638 25.17601670637896 0 
7.877813031673432e-05 2.0292813067571034 25.06964968406901 0 
8.116231608390808e-05 2.026826956169026 24.96651469224986 0 
8.354650185108184e-05 2.0243210834962593 24.866369791790678 0 
8.593068761825561e-05 2.021772399421026 24.76909687583061 0 
8.831487338542938e-05 2.0191875247519375 24.674578956742252 0 
9.069905915260314e-05 2.0165718124512932 24.582702114410342 0 
9.308324491977691e-05 2.0139292303481398 24.493278056188263 0 
9.546743068695067e-05 2.0112654338047036 24.40616453803026 0 
9.785161645412444e-05 2.008585318932842 24.321278797465233 0 
0.00010023580222129821 2.005892636740254 24.238540303747623 0 
0.00010261998798847197 2.003190467180643 24.15786948596736 0 
0.00010500417375564574 2.0004808126051827 24.079155351304234 0 
0.00010738835952281951 1.9977660011978065 24.002264637754458 0 
0.00010977254528999327 1.9950493275674062 23.927138492145673 0 
0.00011215673105716703 1.992333231498884 23.853720172156677 0 
0.00011454091682434081 1.9896195865080661 23.78195342063356 0 
0.00011692510259151458 1.986909946229809 23.711784382308473 0 
0.00011930928835868835 1.9842046499783461 23.64311619710195 0 
0.00012169347412586211 1.9815051110483908 23.57586711052737 0 
0.00012407765989303588 1.978813204091853 23.509996549635765 0 
0.00012646184566020963 1.9761303161945805 23.445465238778898 0 
0.0001288460314273834 1.9734574834772323 23.38223362332422 0 
0.00013361440296173093 1.968144711404558 23.2595036052783 0 
0.00013838277449607848 1.9628768929060878 23.141332685717746 0 
0.000143151146030426 1.9576611168733489 23.02743437623747 0 
0.00014791951756477353 1.9525022045450142 22.917591214413036 0 
0.00015268788909912108 1.9474003059627318 22.81150706841466 0 
0.00015745626063346863 1.9423564764108998 22.70886980952 0 
0.00016222463216781615 1.9373747397220356 22.60952564400228 0 
0.00016699300370216368 1.9324569103588318 22.51332493126757 0 
0.00017176137523651123 1.9275997958815334 22.420002572413 0 
0.00017652974677085875 1.9228044127496196 22.329365574011483 0 
0.00018129811830520627 1.918072961288524 22.24131052883054 0 
0.00018606648983955382 1.9134062274788406 22.15573710457877 0 
0.00019083486137390135 1.9088002786895844 22.07244264538813 0 
0.00019560323290824887 1.9042543920156314 21.991261177152882 0 
0.00020037160444259642 1.8997703341072754 21.912124338424558 0 
0.00020513997597694394 1.8953486362432037 21.83496487353797 0 
0.00020990834751129147 1.8909873718615096 21.759675811216976 0 
0.00021467671904563902 1.8866819488487903 21.686063205446874 0 
0.00021944509057998654 1.8824340787962506 21.614072083179583 0 
0.00022421346211433407 1.8782444728032153 21.54365867457111 0 
0.00022898183364868162 1.8741133170220388 21.474780061596338 0 
0.00023375020518302917 1.870036417517934 21.407310366169835 0 
0.0002385185767173767 1.8660110019269598 21.34111639823709 0 
0.00024328694825172421 1.862038616819779 21.276171415665804 0 
0.00024805531978607176 1.8581199562538642 21.212450793091065 0 
0.0002575920628547668 1.8504397303469613 21.088498542112845 0 
0.0002671288059234619 1.8429502150604709 20.968545448887372 0 
0.00027666554899215696 1.8356555572772242 20.852383720907998 0 
0.000286202292060852 1.8285459366879784 20.739669966063047 0 
0.0002957390351295471 1.8216087106391023 20.629900928659133 0 
0.00030527577819824215 1.8148496249505368 20.523028332607403 0 
0.0003148125212669372 1.8082539364618362 20.418669424813217 0 
0.0003243492643356323 1.8018173178466506 20.31654955136694 0 
0.00033388600740432735 1.7955438707731062 20.21666247909738 0 
0.0003434227504730224 1.7894196122229267 20.118675351289212 0 
0.0003529594935417175 1.7834435238624096 20.02243996396759 0 
0.00036249623661041254 1.77761852256919 19.92797080464994 0 
0.0003720329796791076 1.771933498640927 19.83502185075018 0 
0.0003815697227478027 1.76638767271269 19.74350066955141 0 
0.0003911064658164978 1.76098316774243 19.65343472252385 0 
0.00040064320888519284 1.7557120515574927 19.56466873362932 0 
0.0004101799519538879 1.7505723350631301 19.477125330380417 0 
0.000419716695022583 1.7455652834887252 19.390836015377726 0 
0.0004292534380912781 1.7406860083982434 19.30572674918817 0 
0.00043879018115997314 1.7359307870095777 19.22171656093663 0 
0.0004483269242286682 1.7313000001400607 19.138833848663865 0 
0.0004578636672973633 1.7267909440231388 19.05706167531741 0 
0.0004674004103660584 1.7223987825652083 18.976320354163544 0 
0.00047693715343475343 1.718122991607917 18.896628307673335 0 
0.0004864738965034485 1.7139618226055409 18.81799409644155 0 
0.0004960106395721436 1.7099106280477152 18.740360147732325 0 
0.0005055473826408386 1.705967647925204 18.66372352714954 0 
0.0005150841257095337 1.7021312466449243 18.588098021227136 0 
0.0005246208687782288 1.6983979449529003 18.513459528187532 0 
0.0005341576118469238 1.6947647223713727 18.43978306794676 0 
0.0005436943549156189 1.6912297879598546 18.367077216507454 0 
0.000553231097984314 1.6877906747900087 18.295341268664224 0 
0.000562767841053009 1.6844438613173756 18.224544196567077 0 
0.0005723045841217041 1.6811872221376625 18.154684664331416 0 
0.0005818413271903992 1.6780184905231768 18.085763263438103 0 
0.0005913780702590942 1.6749348482742186 18.01776740089136 0 
0.0006009148133277893 1.6719335411566758 17.95067709023892 0 
0.0006104515563964844 1.6690123838694937 17.88449219661914 0 
0.0006199882994651795 1.6661691562510488 17.819208773795705 0 
0.0006295250425338746 1.6634010213495822 17.7548078635631 0 
0.0006390617856025696 1.6607057150123024 17.691279691786043 0 
0.0006485985286712647 1.6580810965500676 17.62861833146285 0 
0.0006676720148086548 1.653034900127183 17.505857841291046 0 
0.000686745500946045 1.6482446792555094 17.386431199767063 0 
0.000705818987083435 1.64369410944862 17.27026303524063 0 
0.0007248924732208251 1.639367392023808 17.157258405024358 0 
0.0007439659593582153 1.635249783210135 17.04733710971353 0 
0.0007630394454956054 1.6313273838353635 16.94040448327728 0 
0.0007821129316329955 1.6275870648364283 16.83637666556569 0 
0.0008011864177703857 1.6240164774250474 16.73516111980589 0 
0.0008202599039077758 1.620604234813212 16.636674984460658 0 
0.0008393333900451659 1.6173395432285358 16.540828668534648 0 
0.0008584068761825561 1.6142124686698516 16.447540193899002 0 
0.0008774803623199462 1.6112135978190787 16.35672253037769 0 
0.0008965538484573363 1.6083342657875748 16.26829803322377 0 
0.0009156273345947265 1.6055663566079044 16.18218573053975 0 
0.0009347008207321167 1.6029023628076562 16.098308680640482 0 
0.0009537743068695068 1.6003352407355451 16.016591036359735 0 
0.0009728477930068969 1.597858582760375 15.936960850924637 0 
0.000991921279144287 1.5954662968566662 15.859347296251558 0 
0.0010109947652816773 1.5931527292249965 15.783681485578278 0 
0.0010300682514190673 1.5909126306037695 15.709897942196811 0 
0.0010491417375564575 1.5887413207422445 15.637932315739414 0 
0.0010682152236938477 1.5866341730579656 15.567724204934416 0 
0.0010872887098312377 1.5845870286294017 15.499212049879123 0 
0.0011063621959686279 1.5825960655134188 15.4323415492468 0 
0.001125435682106018 1.5806576665120946 15.367056049025162 0 
0.001144509168243408 1.5787684129200612 15.303301493329451 0 
0.0011826561405181885 1.5751254257756675 15.1801893131983 0 
0.0012208031127929687 1.5716445852583032 15.062616926072653 0 
0.0012589500850677489 1.5683069769473261 14.950229614663211 0 
0.0012970970573425293 1.565095660212155 14.842697865297437 0 
0.0013352440296173094 1.5619964345051378 14.739717588161103 0 
0.0013733910018920896 1.5589966511916062 14.641006004951121 0 
0.00141153797416687 1.5560855871397468 14.546305118288734 0 
0.0014496849464416502 1.5532537122988483 14.455371732158767 0 
0.0014878319187164304 1.550493075862354 14.36798594701128 0 
0.0015259788909912108 1.547796394998582 14.283939494624594 0 
0.0015641258632659912 1.545157530609778 14.203042823854348 0 
0.0016022728355407714 1.5425710207695995 14.125117382134789 0 
0.0016404198078155516 1.540032288798577 14.05000065045139 0 
0.001678566780090332 1.5375370576889886 13.977537157582297 0 
0.0017167137523651124 1.5350816943981926 13.907586286727696 0 
0.0017548607246398926 1.5326632060966097 13.840016372929291 0 
0.0017930076969146728 1.5302785994637271 13.774703845380035 0 
0.0018311546691894532 1.527925658926694 13.711532702077923 0 
0.0019074486137390138 1.5233057648092685 13.59119582522548 0 
0.0019837425582885744 1.5187893383848683 13.478229563624714 0 
0.0020600365028381347 1.5143651429302514 13.371952980143124 0 
0.002136330447387695 1.5100243387962973 13.271766829858347 0 
0.002212624391937256 1.5057598401994745 13.177144139031288 0 
0.0022889183364868163 1.501566347262163 13.087616843818997 0 
0.0023652122810363767 1.4974391368717286 13.002768175971395 0 
0.0024415062255859375 1.4933747843666638 12.9222275470408 0 
0.0025178001701354983 1.4893702167064915 12.845663752930365 0 
0.0025940941146850587 1.485422986373454 12.772777880809205 0 
0.002670388059234619 1.4815309603466205 12.703301541127258 0 
0.00274668200378418 1.4776926399320427 12.636997556957365 0 
0.0028992698928833006 1.4701704750388616 12.513037244053896 0 
0.003051857781982422 1.462846533105723 12.399380606216456 0 
0.003204445671081543 1.4557124294231583 12.294763146599397 0 
0.0033570335601806637 1.4487613018284344 12.198129565296982 0 
0.003509621449279785 1.4419866668008396 12.108585992711063 0 
0.003662209338378906 1.4353828076018054 12.025372813892846 0 
0.0038147972274780273 1.4289440228293284 11.947837919327709 0 
0.0039673851165771485 1.4226653344825244 11.875422595962146 0 
0.004119973005676269 1.416541374486663 11.80763765560311 0 
0.004272560894775391 1.4105671322457825 11.744057866895153 0 
0.004577736672973632 1.3990494195626781 11.62807473509929 0 
0.004882912451171875 1.3880749471084575 11.524986462948894 0 
0.005188088229370117 1.3776091862676658 11.432835851651454 0 
0.005493264007568359 1.3676194887604352 11.350055773844767 0 
0.005798439785766601 1.358075244322212 11.275372871404967 0 
0.006103615563964843 1.3489483219246245 11.207743242287524 0 
0.006713967120361328 1.3318428849847521 11.090322580320134 0 
0.007324318676757813 1.3161152210815166 10.992386583968848 0 
0.007934670233154298 1.3016047100614196 10.910027344336463 0 
0.008545021789550782 1.2881738634699147 10.840339128405608 0 
0.00976572490234375 1.2640964503673127 10.7306119085339 0 
0.010986428015136718 1.2431237916032416 10.650679481814505 0 
0.012207131127929687 1.224685859779411 10.592539904873819 0 
0.014648537353515626 1.1937699065798062 10.521767940787415 0 
0.0195313498046875 1.1484495572959115 10.48712890581538 0 
0.02929697470703125 1.0942998924881027 10.597446915927454 0 
0.03417978715820312 1.0773363946595966 10.68679898081119 0 
0.039062599609375 1.0644441928877593 10.784098415599475 0 
0.043945412060546876 1.054527081002971 10.884344099059819 0 
0.04882822451171875 1.046847145272645 10.98463479627182 0 
0.05371103696289062 1.0408870487283952 11.083241732835033 0 
0.058593849414062496 1.036273415238946 11.179151615427212 0 
0.06347666186523437 1.0327282105361881 11.271760644092689 0 
0.06835947431640624 1.030041672206478 11.360752722527279 0 
0.07324228676757812 1.028051034784535 11.445974606463226 0 
0.07812509921875 1.0266292212380812 11.527394239378348 0 
0.08300791166992187 1.0256750845714833 11.605046078822888 0 
0.08789072412109375 1.0251077691470978 11.67902214510728 0 
0.09277353657226561 1.0248615619742028 11.749438265071166 0 
0.09765634902343749 1.0248824715514158 11.81642729966072 0 
0.10742197392578123 1.025556863841313 11.940713870919659 0 
0.11718759882812499 1.0268595366162347 12.05307798971013 0 
0.12695322373046874 1.0286000423639141 12.154685693314656 0 
0.13671884863281247 1.030642647526959 12.246629221964156 0 
0.14648447353515623 1.0328894557377362 12.329908341055868 0 
0.15625009843749998 1.0352686891227862 12.405418932508985 0 
0.16601572333984374 1.0377279558827754 12.473966898701645 0 
0.1757813482421875 1.0402281053708589 12.536264858894697 0 
0.19531259804687498 1.0452432176933781 12.644576459567196 0 
0.21484384785156246 1.0501628693763836 12.734621796497684 0 
0.23437509765624998 1.054905971187622 12.809761075137903 0 
0.273437597265625 1.0637236734553357 12.92542100653181 0 
0.31250009687499997 1.0716007358750068 13.007054719395258 0 
0.39062509609374996 1.0847765528676845 13.105240634952475 0 
0.4687500953125 1.0951567598894547 13.151773242128867 0 
0.62500009375 1.1101227064143555 13.171079480745018 0 
0.937500090625 1.1271511009839172 13.111287688693718 0 
1.2500000875 1.1359524438240496 13.028160753003142 0 
1.5625000843749999 1.1408980333986554 12.950610560775889 0 
1.87500008125 1.1437799804546556 12.88297452836591 0 
2.500000075 1.1463877901204338 12.774665249164226 0 
3.12500006875 1.146963112221861 12.693467115803779 0 
3.7500000625 1.1466303568144443 12.631021834007896 0 
5.00000005 1.1448991578619836 12.542303271347606 0 
7.500000025 1.140644122570393 12.442028372538255 0 
10.0 1.136861575375564 12.390077321254234 0 
