P M R nu
1e-07 8.423294918839938e-05 0.4787607934533557 0 
6.960464417934418e-07 0.0014668759657452965 1.2352467858521343 0 
1.2920928835868835e-06 0.0035283596055629748 1.6477430144753613 0 
1.8881393253803254e-06 0.006046052460093172 1.96472588738028 0 
2.484185767173767e-06 0.008925340516682168 2.2311468063948365 0 
3.080232208967209e-06 0.01208517240967269 2.4629747234748542 0 
3.676278650760651e-06 0.015470471008724633 2.669251889654839 0 
4.272325092554092e-06 0.019040216320904295 2.8556369160768704 0 
4.868371534347534e-06 0.022762322065779213 3.0259474621750244 0 
5.4644179761409765e-06 0.02661088797578981 3.1829065585228875 0 
6.060464417934418e-06 0.03056451950350736 3.328537994409399 0 
6.656510859727859e-06 0.034605275309543965 3.464398751606227 0 
7.252557301521301e-06 0.038717905983995375 3.5917172584664736 0 
7.848603743314743e-06 0.042889319929664924 3.711483613396876 0 
8.444650185108185e-06 0.047108206329466475 3.82451211379012 0 
9.040696626901626e-06 0.051364712683875484 3.9314808073298035 0 
9.636743068695068e-06 0.05565023493969972 4.032964115783882 0 
1.023278951048851e-05 0.0599572008677923 4.129451324760358 0 
1.082883595228195e-05 0.06427894201879411 4.221365333369887 0 
1.1424882394075393e-05 0.06860956479680062 4.3090743632961015 0 
1.2020928835868835e-05 0.07294384791172569 4.392901435775019 0 
1.2616975277662277e-05 0.0772771535176104 4.473131462024321 0 
1.3213021719455719e-05 0.08160536694087953 4.5500184482105945 0 
1.3809068161249161e-05 0.08592481839684764 4.623788387888713 0 
1.4405114603042603e-05 0.09023889585107638 4.694756140251374 0 
1.5001161044836045e-05 0.09458373869544635 4.763742345430157 0 
1.5597207486629488e-05 0.09895964709520992 4.830921031193276 0 
1.6193253928422928e-05 0.10336131018218223 4.896348123131597 0 
1.678930037021637e-05 0.10778431544105845 4.96008405210775 0 
1.7981393253803253e-05 0.11667950518305409 5.082725605574274 0 
1.9173486137390137e-05 0.12561939614644704 5.199314559995338 0 
2.036557902097702e-05 0.13458300479695667 5.310287063048546 0 
2.1557671904563905e-05 0.14355290807602875 5.416046624437984 0 
2.2749764788150786e-05 0.15251440484859732 5.516957735662412 0 
2.394185767173767e-05 0.1614550161928627 5.613353584452229 0 
2.5133950555324555e-05 0.17036407874906512 5.705537028806876 0 
2.6326043438911436e-05 0.17923245214482672 5.793782002343532 0 
2.751813632249832e-05 0.1880621289273672 5.878435356919397 0 
2.8710229206085204e-05 0.19689182354063853 5.960163156530531 0 
2.990232208967209e-05 0.2057167364747475 6.0391571459726485 0 
3.109441497325897e-05 0.21452777686402677 6.115542766119174 0 
3.2286507856845854e-05 0.22331730905409086 6.189438296798881 0 
3.3478600740432734e-05 0.23207873990594782 6.26095625487245 0 
3.467069362401962e-05 0.2408063466681456 6.330204498275154 0 
3.58627865076065e-05 0.2494951302378246 6.397284686275674 0 
3.7054879391193384e-05 0.2581406900975278 6.462292080484638 0 
3.824697227478027e-05 0.26673917430103217 6.525319279988721 0 
4.063115804195404e-05 0.28378549010411797 6.645793029095924 0 
4.301534380912781e-05 0.300684960516428 6.7598555100585935 0 
4.539952957630157e-05 0.3174383097487698 6.8681629189826525 0 
4.778371534347534e-05 0.33402220122476906 6.971106607143475 0 
5.016790111064911e-05 0.35041857908011154 7.069043799751181 0 
5.255208687782287e-05 0.36661329625286576 7.162304159276165 0 
5.493627264499664e-05 0.3826035130397277 7.251238248630707 0 
5.7320458412170406e-05 0.39842017452727935 7.3363486312858965 0 
5.9704644179344174e-05 0.41405730020246173 7.417885409866615 0 
6.208882994651794e-05 0.4295057145217316 7.496046430664919 0 
6.44730157136917e-05 0.44475829294922464 7.571016102222436 0 
6.685720148086547e-05 0.4598096065330006 7.642968762810761 0 
6.924138724803924e-05 0.47466133507369024 7.712091723231554 0 
7.1625573015213e-05 0.4893321196337691 7.7786402550509655 0 
7.400975878238677e-05 0.5038196907725826 7.842749850384876 0 
7.639394454956054e-05 0.5181205982675686 7.904539116022911 0 
8.116231608390808e-05 0.5461533882058971 8.02158251518383 0 
8.593068761825561e-05 0.5734385145941475 8.13064962015791 0 
9.069905915260314e-05 0.6000180872240737 8.232636513962184 0 
9.546743068695067e-05 0.6258901126619427 8.328139286160859 0 
0.00010023580222129821 0.6510631530003242 8.41770039505966 0 
0.00010500417375564574 0.6755744428877811 8.501908449934675 0 
0.00010977254528999327 0.6994331755417942 8.58117733190332 0 
0.00011454091682434081 0.7226483597249699 8.655872833811193 0 
0.00011930928835868835 0.7452493411902557 8.726386415105761 0 
0.00012407765989303588 0.767253119907165 8.793030681872787 0 
0.0001288460314273834 0.7886704795282109 8.85606855710252 0 
0.00013361440296173093 0.809520234431454 8.915756198550255 0 
0.000143151146030426 0.8495978933590757 9.026035159155784 0 
0.00015268788909912108 0.8876056728565066 9.12542959508573 0 
0.00016222463216781615 0.9236764093756618 9.215304283817412 0 
0.00017176137523651123 0.9579213921206757 9.296755422227223 0 
0.00018129811830520627 0.9904543066027619 9.37074970810945 0 
0.00019083486137390135 1.0213768673924275 9.438087117692026 0 
0.00020037160444259642 1.050785997829686 9.499474720517185 0 
0.00020990834751129147 1.0787722437311758 9.55551093178451 0 
0.00022898183364868162 1.130806022566734 9.653586999995921 0 
0.00024805531978607176 1.1780858903337916 9.735797817876382 0 
0.0002671288059234619 1.221140302359616 9.804869284221311 0 
0.000286202292060852 1.2604290601475483 9.862948778827796 0 
0.00030527577819824215 1.2963529215437866 9.911765904318983 0 
0.0003434227504730224 1.3594625166573449 9.986961025370146 0 
0.0003815697227478027 1.4127820288034894 10.03894030971526 0 
0.0004578636672973633 1.496829677262328 10.095064417412939 0 
0.0006104515563964844 1.6049464411176932 10.100011679812429 0 
0.0007630394454956054 1.6662731004034579 10.039557587542971 0 
0.0009156273345947265 1.7015616039697914 9.953893922331702 0 
0.0010682152236938477 1.721365472739388 9.859583881303617 0 
0.0012208031127929687 1.731509004047722 9.764031565420897 0 
0.0013733910018920896 1.7354126969869728 9.670657745239989 0 
0.0015259788909912108 1.7351846992587978 9.581005173333493 0 
0.001678566780090332 1.7321753608407529 9.495698036737812 0 
0.0018311546691894532 1.7272766146109135 9.414898887864068 0 
0.0019837425582885744 1.7210927207263826 9.338534226653383 0 
0.002136330447387695 1.7140411981464785 9.266401693081272 0 
0.0022889183364868163 1.7064157206285668 9.198273218986683 0 
0.0024415062255859375 1.6984252977745138 9.133873503152467 0 
0.00274668200378418 1.681909576449485 9.015237547810758 0 
0.003051857781982422 1.6652671123105431 8.908573952566915 0 
0.0033570335601806637 1.648907039622939 8.812190050290255 0 
0.003662209338378906 1.6330431949564321 8.724681169939887 0 
0.0039673851165771485 1.6177804728660183 8.644870102406097 0 
0.004272560894775391 1.6031623531414672 8.571774308284137 0 
0.004577736672973632 1.5891970361358905 8.504558565079542 0 
0.004882912451171875 1.5758727442071156 8.442543098909336 0 
0.005493264007568359 1.5510502415172371 8.33181907903848 0 
0.006103615563964843 1.5284616888623674 8.235857719822413 0 
0.006713967120361328 1.5078579346401428 8.151876309911021 0 
0.007324318676757813 1.4890063786752612 8.077775869451958 0 
0.007934670233154298 1.4717003320551 8.01192624119568 0 
0.008545021789550782 1.4557601459902736 7.953048172240792 0 
0.00976572490234375 1.4273792096957185 7.852325092251284 0 
0.010986428015136718 1.4028653473082318 7.76951726714053 0 
0.012207131127929687 1.381474062859493 7.700484578585275 0 
0.014648537353515626 1.3459367923284264 7.592758946540276 0 
0.01708994357910156 1.317621834963107 7.5137180761322995 0 
0.0195313498046875 1.294562537952979 7.45441710204775 0 
0.024414162255859375 1.2594255596190111 7.374637352120206 0 
0.02929697470703125 1.2341620709801517 7.327453259915778 0 
0.039062599609375 1.201124886173935 7.285292522109267 0 
0.07812509921875 1.1578650609360173 7.328982243260879 0 
0.11718759882812499 1.1554967889764458 7.4258222357167565 0 
0.15625009843749998 1.1624054547860379 7.511813726463265 0 
0.19531259804687498 1.1716075751155677 7.582331876428092 0 
0.23437509765624998 1.1809987592715907 7.6396365453566295 0 
0.31250009687499997 1.1980496430006746 7.725134864449864 0 
0.4687500953125 1.2237331420362387 7.826912105045916 0 
0.62500009375 1.2410865238352335 7.881750562005932 0 
1.2500000875 1.2734875863241724 7.951200899751915 0 
2.500000075 1.2887769738428037 7.948334875448952 0 
5.00000005 1.2893266190364354 7.905429018672039 0 
10.0 1.2812311676933712 7.8527993935695575 0 
