P M R nu
1e-07 0.0001793222457829397 0.6987781371317479 0 
6.960464417934418e-07 0.0030496273848683356 1.7850469038739756 0 
1.2920928835868835e-06 0.0071691676033352756 2.358556038409978 0 
1.8881393253803254e-06 0.011810111475083065 2.7688507754875338 0 
2.484185767173767e-06 0.01667103414433565 3.0882855863269594 0 
3.080232208967209e-06 0.021589509272313633 3.347896787356692 0 
3.676278650760651e-06 0.026470470953553853 3.564590857576082 0 
4.272325092554092e-06 0.031256575799060715 3.7488335648876947 0 
4.868371534347534e-06 0.035913263063046326 3.9076453763523378 0 
5.4644179761409765e-06 0.0404203589382477 4.046002784077384 0 
6.060464417934418e-06 0.04476702569765206 4.167578285463306 0 
6.656510859727859e-06 0.04899158589648625 4.276295498020692 0 
7.252557301521301e-06 0.05334427884409611 4.380670061384977 0 
7.848603743314743e-06 0.05782965623442598 4.481728620725524 0 
8.444650185108185e-06 0.06241637394604345 4.579291220074852 0 
9.040696626901626e-06 0.0670807663127791 4.673312558290571 0 
9.636743068695068e-06 0.07180410886232037 4.763829998689098 0 
1.023278951048851e-05 0.0765711988179999 4.850930666402732 0 
1.082883595228195e-05 0.08136942469303379 4.934729138172876 0 
1.1424882394075393e-05 0.08618824864028211 5.0153561873813475 0 
1.2020928835868835e-05 0.09101869442913406 5.092947754347432 0 
1.2616975277662277e-05 0.09585312469369221 5.167641906087844 0 
1.3213021719455719e-05 0.10068497120890099 5.239574446991429 0 
1.3809068161249161e-05 0.10550855282986037 5.308876805015535 0 
1.4405114603042603e-05 0.11031898644927011 5.375676224483994 0 
1.5001161044836045e-05 0.11511197092916639 5.440092396496976 0 
1.5597207486629488e-05 0.11988384243851259 5.50224108599785 0 
1.678930037021637e-05 0.12935159266294707 5.620159753552943 0 
1.7981393253803253e-05 0.13870109747033335 5.730228942892874 0 
1.9173486137390137e-05 0.14791632262645604 5.833155338791279 0 
2.036557902097702e-05 0.1570743657165361 5.930555364203334 0 
2.1557671904563905e-05 0.16628614400669103 6.024258196868945 0 
2.2749764788150786e-05 0.17552471080752233 6.1143971545037115 0 
2.394185767173767e-05 0.18476848479334862 6.201102354258515 0 
2.5133950555324555e-05 0.19400012800540514 6.284512943450587 0 
2.6326043438911436e-05 0.20320526812417677 6.364768384983022 0 
2.751813632249832e-05 0.2123719486410143 6.442008382825742 0 
2.8710229206085204e-05 0.22149021806028132 6.516372161348036 0 
2.990232208967209e-05 0.23055155980112477 6.587990822479974 0 
3.109441497325897e-05 0.23954879353341565 6.656991378430095 0 
3.2286507856845854e-05 0.2484771457663697 6.723506516571826 0 
3.3478600740432734e-05 0.25737356301291237 6.78797244468463 0 
3.58627865076065e-05 0.27509983560498863 6.911510970055177 0 
3.824697227478027e-05 0.29269069551483234 7.028240686663434 0 
4.063115804195404e-05 0.310103417403269 7.138599776824633 0 
4.301534380912781e-05 0.32730593198658414 7.243009027321254 0 
4.539952957630157e-05 0.3442742879206793 7.341868184296622 0 
4.778371534347534e-05 0.36105188647155667 7.435913323457337 0 
5.016790111064911e-05 0.3776613523728163 7.52569644632444 0 
5.255208687782287e-05 0.3940823494350916 7.611451489031386 0 
5.493627264499664e-05 0.41029925858710914 7.693397430202064 0 
5.7320458412170406e-05 0.42630004691241463 7.7717424560737145 0 
5.9704644179344174e-05 0.44207917001408925 7.846701550145907 0 
6.208882994651794e-05 0.45766866339683504 7.918651298537759 0 
6.44730157136917e-05 0.4730699478875445 7.9877958986640465 0 
6.685720148086547e-05 0.4882751330453289 8.054270159858255 0 
6.924138724803924e-05 0.5032781273205307 8.118198629122183 0 
7.1625573015213e-05 0.5180745417142673 8.17970434888193 0 
7.639394454956054e-05 0.5470659073180437 8.296022226081309 0 
8.116231608390808e-05 0.5753087789254029 8.404376839163218 0 
8.593068761825561e-05 0.6027888807851859 8.505452145178651 0 
9.069905915260314e-05 0.6295132093205632 8.599898528961992 0 
9.546743068695067e-05 0.6555292798575115 8.688433705606492 0 
0.00010023580222129821 0.6808395693940472 8.771523461750641 0 
0.00010500417375564574 0.7054524356240145 8.84958868840389 0 
0.00010977254528999327 0.7294063277922914 8.923101181590752 0 
0.00011454091682434081 0.7527138075034707 8.992403336267293 0 
0.00011930928835868835 0.7753842266848091 9.057785370965082 0 
0.00012407765989303588 0.7974459350442055 9.119563192332643 0 
0.00013361440296173093 0.8398134153140822 9.233318773655826 0 
0.000143151146030426 0.8799468964000747 9.335425588259664 0 
0.00015268788909912108 0.9179868166573266 9.427379079246755 0 
0.00016222463216781615 0.9540620515024234 9.510408908884356 0 
0.00017176137523651123 0.9882891529256028 9.5855473728279 0 
0.00018129811830520627 1.020786388901674 9.653689809409569 0 
0.00019083486137390135 1.0516542915281584 9.71558274504235 0 
0.00020990834751129147 1.1089008037313859 9.823159951182722 0 
0.00022898183364868162 1.1607417130547044 9.91255295954592 0 
0.00024805531978607176 1.2077955649506769 9.987028455658377 0 
0.0002671288059234619 1.2505996104361072 10.049149959992707 0 
0.00030527577819824215 1.3252636881329405 10.144036716086262 0 
0.0003434227504730224 1.3877903546493864 10.209173267341123 0 
0.0003815697227478027 1.4405166126470401 10.252582055944599 0 
0.0004578636672973633 1.5233991450229556 10.294808309883411 0 
0.0006104515563964844 1.6294151646809518 10.280207323339637 0 
0.0007630394454956054 1.688994479084736 10.206553512630789 0 
0.0009156273345947265 1.7228426904261447 10.111331786628961 0 
0.0010682152236938477 1.7414507009276428 10.009769323134202 0 
0.0012208031127929687 1.7505902978414405 9.908530449610213 0 
0.0013733910018920896 1.7536410893722594 9.81056861358741 0 
0.0015259788909912108 1.7526808706180808 9.7171553636857 0 
0.001678566780090332 1.749036421882752 9.628708336883074 0 
0.0018311546691894532 1.743581944523115 9.545252264107765 0 
0.0019837425582885744 1.7369078435165093 9.4666097761353 0 
0.002136330447387695 1.7294210142745503 9.392520575529884 0 
0.0022889183364868163 1.7214063630931866 9.32267967204893 0 
0.0024415062255859375 1.7130661101941578 9.256784355969389 0 
0.00274668200378418 1.6959474292674777 9.13566466431234 0 
0.003051857781982422 1.6788042238634848 9.027031450554073 0 
0.0033570335601806637 1.6620222247623266 8.929069718924069 0 
0.003662209338378906 1.6457984646216022 8.840280622496056 0 
0.0039673851165771485 1.6302255402699009 8.759418656448215 0 
0.004272560894775391 1.6153378515234655 8.685460290316932 0 
0.004577736672973632 1.6011363098772682 8.617532306051267 0 
0.004882912451171875 1.587603784255013 8.55492398471271 0 
0.005493264007568359 1.5624320932687057 8.443310838227104 0 
0.006103615563964843 1.5395639078662258 8.346746117282132 0 
0.006713967120361328 1.5187329767598288 8.262381428179472 0 
0.007324318676757813 1.499694688193176 8.188051010386717 0 
0.007934670233154298 1.4822338413193845 8.122090100565641 0 
0.008545021789550782 1.4661644324993512 8.063194348729436 0 
0.00976572490234375 1.4375839604772245 7.962636582253789 0 
0.010986428015136718 1.4129284793137806 7.880181737999038 0 
0.012207131127929687 1.3914368012845748 7.811610972462782 0 
0.014648537353515626 1.355782540110407 7.705030221631348 0 
0.01708994357910156 1.3274224954373304 7.627260646581595 0 
0.0195313498046875 1.3043624291451037 7.569273194429846 0 
0.024414162255859375 1.2692997161233923 7.4920751978751365 0 
0.02929697470703125 1.2441633394632845 7.447310263514473 0 
0.039062599609375 1.2114377514424433 7.409410115151476 0 
0.07812509921875 1.1693517267207525 7.463989652456504 0 
0.11718759882812499 1.167793498527259 7.566250319125596 0 
0.15625009843749998 1.175247298479263 7.655142958517656 0 
0.19531259804687498 1.18482475704418 7.727264400705652 0 
0.23437509765624998 1.1944802935804728 7.785451678448307 0 
0.31250009687499997 1.2118578427041073 7.871598885083661 0 
0.4687500953125 1.2378049564305755 7.972996447068584 0 
0.62500009375 1.255216916471135 8.026909233119037 0 
1.2500000875 1.2874452655203368 8.09308975375596 0 
2.500000075 1.3023545475197766 8.087019888836638 0 
5.00000005 1.3025350988213273 8.04195324458547 0 
10.0 1.2941894215468486 7.98839763108593 0 
