P M R nu
1e-07 4.7791827786089515e-05 0.3604251032869576 0 
6.960464417934418e-07 0.0008691726987183923 0.9472753302100799 0 
1.2920928835868835e-06 0.002177255573308163 1.2857472819533713 0 
1.8881393253803254e-06 0.0038094701583094846 1.5484130661662183 0 
2.484185767173767e-06 0.005694540567940109 1.7694252762987106 0 
3.080232208967209e-06 0.007788447768157342 1.9629603191619835 0 
3.676278650760651e-06 0.010060169139672418 2.13654828663212 0 
4.272325092554092e-06 0.012486177946482917 2.294765775516783 0 
4.868371534347534e-06 0.01504777615376568 2.4406454675222315 0 
5.4644179761409765e-06 0.01772961288303216 2.57632248486115 0 
6.060464417934418e-06 0.020518782297507095 2.703369166566128 0 
6.656510859727859e-06 0.023404236367085416 2.8229843564491945 0 
7.252557301521301e-06 0.026376382618624412 2.9361077889252067 0 
7.848603743314743e-06 0.02942679727935259 3.043492924600993 0 
8.444650185108185e-06 0.03254801392173662 3.145755333311616 0 
9.040696626901626e-06 0.035733363472244845 3.24340597787464 0 
9.636743068695068e-06 0.03897685031627056 3.3368747942748738 0 
1.023278951048851e-05 0.042273054476736946 3.4265278219088726 0 
1.082883595228195e-05 0.04561705307631776 3.5126799209062454 0 
1.1424882394075393e-05 0.04900536507353881 3.595629080819928 0 
1.2020928835868835e-05 0.05244263773151243 3.6758218456842586 0 
1.2616975277662277e-05 0.055926390516325926 3.753478664766333 0 
1.3213021719455719e-05 0.0594526228302178 3.8287522578927016 0 
1.3809068161249161e-05 0.06301778428266087 3.901783105187044 0 
1.4405114603042603e-05 0.06661865094353832 3.9726995878690388 0 
1.5001161044836045e-05 0.0702522670667328 4.041619044317704 0 
1.5597207486629488e-05 0.07391590392290073 4.108648827822989 0 
1.6193253928422928e-05 0.07760702904221399 4.17388730730755 0 
1.678930037021637e-05 0.08132328581948385 4.237424865902102 0 
1.7981393253803253e-05 0.08882254772195415 4.359723941803424 0 
1.9173486137390137e-05 0.09639772468403918 4.476138905839262 0 
2.036557902097702e-05 0.104034757669426 4.587179407265819 0 
2.1557671904563905e-05 0.11172118950390467 4.693287106884016 0 
2.2749764788150786e-05 0.11944593993290516 4.794847834310168 0 
2.394185767173767e-05 0.12719911384382926 4.892200909681137 0 
2.5133950555324555e-05 0.13497755483065454 4.985716232126737 0 
2.6326043438911436e-05 0.14279026921388402 5.07586018976219 0 
2.751813632249832e-05 0.1506294805725774 5.16284615465901 0 
2.8710229206085204e-05 0.1584873889643395 5.246855902489138 0 
2.990232208967209e-05 0.16635712832926738 5.328057044398956 0 
3.109441497325897e-05 0.1742325609183842 5.406603667639849 0 
3.2286507856845854e-05 0.18210816672928168 5.482637625899071 0 
3.3478600740432734e-05 0.18997896187974123 5.556289748745818 0 
3.467069362401962e-05 0.19784042803093088 5.627680790097977 0 
3.58627865076065e-05 0.20568845680102316 5.696922369891439 0 
3.7054879391193384e-05 0.21351932023139822 5.7641180947801995 0 
3.824697227478027e-05 0.22133000075209533 5.829367312881478 0 
3.943906515836716e-05 0.22912659146979422 5.892836558660459 0 
4.063115804195404e-05 0.23690938595146016 5.9546327748028824 0 
4.301534380912781e-05 0.25242052924800945 6.073471790775251 0 
4.539952957630157e-05 0.26784074170966016 6.186381335649592 0 
4.778371534347534e-05 0.2831515278435726 6.293806377541918 0 
5.016790111064911e-05 0.2983375778157167 6.396145516635693 0 
5.255208687782287e-05 0.31338673763554564 6.493760743981228 0 
5.493627264499664e-05 0.32830822756740946 6.587103412545431 0 
5.7320458412170406e-05 0.3431007533704741 6.6765081054477635 0 
5.9704644179344174e-05 0.35775460430512085 6.762214476237371 0 
6.208882994651794e-05 0.37226189317112235 6.844442659337558 0 
6.44730157136917e-05 0.3866161608149724 6.923394913540249 0 
6.685720148086547e-05 0.40081215844316204 6.999257514354292 0 
6.924138724803924e-05 0.4148556144825857 7.072256161299299 0 
7.1625573015213e-05 0.4287503521101266 7.142587374714621 0 
7.400975878238677e-05 0.4424922811842332 7.210387287839447 0 
7.639394454956054e-05 0.4560782373426052 7.2757828778918405 0 
7.877813031673432e-05 0.4695057442697192 7.338892201235524 0 
8.116231608390808e-05 0.48277295244975255 7.399825688712078 0 
8.593068761825561e-05 0.5088375550891364 7.515646052633824 0 
9.069905915260314e-05 0.5342910806345518 7.624105649777155 0 
9.546743068695067e-05 0.5591283493662268 7.725833166557161 0 
0.00010023580222129821 0.5833533877688847 7.821402340781761 0 
0.00010500417375564574 0.6069899667220563 7.91139170587002 0 
0.00010977254528999327 0.6300440044103387 7.996240076136517 0 
0.00011454091682434081 0.6525214648194265 8.076330673460939 0 
0.00011930928835868835 0.6744420528211404 8.152052407987936 0 
0.00012407765989303588 0.6958202548053749 8.22373655214511 0 
0.0001288460314273834 0.7166647938978068 8.29165841866063 0 
0.00013361440296173093 0.736988193740749 8.356077496584579 0 
0.00013838277449607848 0.7568099130596914 8.41725272100031 0 
0.000143151146030426 0.7761407641963538 8.475392019761829 0 
0.00015268788909912108 0.8133770187911284 8.583314213702872 0 
0.00016222463216781615 0.8488087014334162 8.681249452748999 0 
0.00017176137523651123 0.882529820737511 8.77034124947173 0 
0.00018129811830520627 0.914641423117559 8.851592198388985 0 
0.00019083486137390135 0.945230149075666 8.92583463617379 0 
0.00020037160444259642 0.9743854034793973 8.993805354649306 0 
0.00020990834751129147 1.0021851717517927 9.056127041398813 0 
0.00022898183364868162 1.0540233464186977 9.16596678562301 0 
0.00024805531978607176 1.1012989041915537 9.25899374319768 0 
0.0002671288059234619 1.1444988790218824 9.338049782761217 0 
0.000286202292060852 1.184050667304068 9.405387422307488 0 
0.00030527577819824215 1.22032950304542 9.462816833349843 0 
0.0003434227504730224 1.284347438770702 9.553571020922037 0 
0.0003815697227478027 1.3387481287319705 9.61924334586545 0 
0.0004578636672973633 1.4251978977744215 9.698408515440581 0 
0.0006104515563964844 1.5381715203278377 9.737501803289083 0 
0.0007630394454956054 1.6038323531974765 9.701232070510903 0 
0.0009156273345947265 1.642821871447865 9.633619860432113 0 
0.0010682152236938477 1.6657643146186256 9.553306559370283 0 
0.0012208031127929687 1.6785806328334612 9.468919581258795 0 
0.0013733910018920896 1.6847778685238215 9.384648486710352 0 
0.0015259788909912108 1.6865347121255478 9.302551608069109 0 
0.001678566780090332 1.6852572978860547 9.223609607461949 0 
0.0018311546691894532 1.6818815573722228 9.148235077755384 0 
0.0019837425582885744 1.677046390579159 9.076537975522998 0 
0.002136330447387695 1.6711971377101935 9.00846581889085 0 
0.0022889183364868163 1.664649545843654 8.943881876640983 0 
0.0024415062255859375 1.6576306261526919 8.882606875440429 0 
0.00274668200378418 1.642795164563398 8.769203108286051 0 
0.003051857781982422 1.6275535380725183 8.666707707347427 0 
0.0033570335601806637 1.612377978706386 8.573706023828958 0 
0.003662209338378906 1.597527435261566 8.488966434894728 0 
0.0039673851165771485 1.5831403951183187 8.411441082706219 0 
0.004272560894775391 1.569285499557724 8.34024103628697 0 
0.004577736672973632 1.555990356014215 8.274614241332774 0 
0.004882912451171875 1.543258348158959 8.213922378236969 0 
0.005493264007568359 1.5194324507256167 8.105244440258131 0 
0.006103615563964843 1.4976456489796595 8.010713109723222 0 
0.006713967120361328 1.4776964660197256 7.927714888754586 0 
0.007324318676757813 1.4593855589964915 7.854258343932495 0 
0.007934670233154298 1.442530216475462 7.788795028999026 0 
0.008545021789550782 1.4269684076151303 7.730104045147542 0 
0.00976572490234375 1.3991776535197156 7.629311607485696 0 
0.010986428015136718 1.375089717723304 7.546030324152325 0 
0.012207131127929687 1.354006838280759 7.476252182961242 0 
0.014648537353515626 1.3188473204000069 7.366571253405935 0 
0.01708994357910156 1.2907036029311112 7.2852527403561815 0 
0.0195313498046875 1.2676874257849176 7.223550189464524 0 
0.024414162255859375 1.2324143531675624 7.138948634154766 0 
0.02929697470703125 1.2068565710846046 7.087173170433463 0 
0.039062599609375 1.173048152980172 7.0368638505891905 0 
0.07812509921875 1.1267348298296316 7.0593448805250585 0 
0.11718759882812499 1.1221974398297576 7.145400394797715 0 
0.15625009843749998 1.1276211499142932 7.225524058492451 0 
0.23437509765624998 1.1444374283546388 7.3481765503252285 0 
0.31250009687499997 1.1605564927921985 7.432195426788584 0 
0.4687500953125 1.1854521661883084 7.534464315019016 0 
0.62500009375 1.2025976743870805 7.590995815380919 0 
1.2500000875 1.2353795698195797 7.666691606691073 0 
2.500000075 1.2516638083134668 7.670106265095612 0 
5.00000005 1.253216375679934 7.631522452114561 0 
10.0 1.2458208562944832 7.580818790775314 0 
