P M R nu
1e-05 0.1857603438278839 18.662327689549105 0 
1.0609741210937502e-05 0.19237174401796578 18.062177720715127 0 
1.1219482421875002e-05 0.19891251986303038 17.542873666264875 0 
1.1829223632812502e-05 0.20538248611847232 17.093735876483763 0 
1.2438964843750002e-05 0.21178355594250906 16.702452253248946 0 
1.3048706054687502e-05 0.21811778066399307 16.352291865781233 0 
1.3658447265625002e-05 0.22438414727142064 16.045092897455586 0 
1.4268188476562502e-05 0.2305857411724112 15.772269330157712 0 
1.4877929687500002e-05 0.23672401669403642 15.52523870875213 0 
1.5487670898437502e-05 0.24279886677826942 15.30282040872776 0 
1.6097412109375002e-05 0.24881407165115516 15.10267649201883 0 
1.6707153320312502e-05 0.2547682080056337 14.92224423372798 0 
1.731689453125e-05 0.2606653246629054 14.752904949965199 0 
1.79266357421875e-05 0.26650454500302456 14.602585642594285 0 
1.8536376953125e-05 0.27228899455243455 14.462946152571892 0 
1.91461181640625e-05 0.2780183080126795 14.333800350574377 0 
1.9755859375e-05 0.2836953821592817 14.213736251400961 0 
2.03656005859375e-05 0.28931961067714657 14.10276738113234 0 
2.0975341796875e-05 0.2948941331456983 13.99430808407033 0 
2.15850830078125e-05 0.30041774018435086 13.902821290778663 0 
2.219482421875e-05 0.30589413750181804 13.812805370119356 0 
2.28045654296875e-05 0.3113216758621481 13.723154089436715 0 
2.3414306640625e-05 0.316703728750929 13.64517487964235 0 
2.40240478515625e-05 0.32203930623048144 13.572474363061074 0 
2.46337890625e-05 0.3273304712494053 13.50244774914777 0 
2.52435302734375e-05 0.3325782595804684 13.436869329393975 0 
2.5853271484375e-05 0.3377824647184971 13.373723106525281 0 
2.64630126953125e-05 0.34294706055740515 13.31724246585089 0 
2.707275390625e-05 0.34807093776262726 13.262655794694918 0 
2.76824951171875e-05 0.35315254107387556 13.212694276595535 0 
2.8292236328125e-05 0.35819054531164585 13.162523846177898 0 
2.89019775390625e-05 0.36318512020359073 13.113232398819378 0 
2.951171875e-05 0.36814398801728127 13.073056483643185 0 
3.01214599609375e-05 0.3730675452742291 13.026250019515123 0 
3.0731201171875004e-05 0.3779545576473176 12.986071000820624 0 
3.13409423828125e-05 0.3828040650904786 12.952520567349193 0 
3.1950683593750003e-05 0.3876150901969268 12.913103962293887 0 
3.256042480468751e-05 0.39239021622084086 12.876141817627323 0 
3.3170166015625e-05 0.39713473809245553 12.842870779296062 0 
3.37799072265625e-05 0.4018479033760572 12.812451093153904 0 
3.43896484375e-05 0.40652883046856353 12.78286767711909 0 
3.4999389648437506e-05 0.4111767997374884 12.746947860073613 0 
3.5609130859375e-05 0.4157911036639504 12.722676942667082 0 
3.62188720703125e-05 0.42037290136986555 12.696616431668351 0 
3.682861328125e-05 0.4249272552218018 12.666235589091736 0 
3.7438354492187506e-05 0.42945388616872043 12.64556843656833 0 
3.8048095703125e-05 0.4339521702941652 12.622252054043047 0 
3.86578369140625e-05 0.4384215234465855 12.596418703383712 0 
3.9267578125e-05 0.44286143171023595 12.577299193644334 0 
3.9877319335937506e-05 0.44727139183542153 12.555445235317286 0 
4.0487060546875e-05 0.4516541908121518 12.534587934980152 0 
4.10968017578125e-05 0.456013237043451 12.515232732481659 0 
4.170654296875e-05 0.46034796525495836 12.501986683121254 0 
4.2316284179687506e-05 0.46465790564396126 12.474360304377702 0 
4.2926025390625e-05 0.46894259138173605 12.462434484383577 0 
4.35357666015625e-05 0.4732016733452888 12.44340905874352 0 
4.41455078125e-05 0.47743472815832844 12.423063183688653 0 
4.4755249023437505e-05 0.48164242071149793 12.412693314092845 0 
4.5364990234375e-05 0.4858282715408847 12.401732883407766 0 
4.59747314453125e-05 0.4899923425835596 12.382602590954704 0 
4.658447265625e-05 0.494134239774704 12.365125966064252 0 
4.7194213867187505e-05 0.49825362313563554 12.353753060922196 0 
4.7803955078125e-05 0.5023502144009419 12.342462883589045 0 
4.84136962890625e-05 0.5064236992526598 12.332419877596791 0 
4.90234375e-05 0.5104738538138284 12.314999236676847 0 
4.9633178710937505e-05 0.5145013474295046 12.303503715713523 0 
5.0242919921875e-05 0.5185095634224792 12.292757768754454 0 
5.0852661132812505e-05 0.5224984772435544 12.282879680620368 0 
5.146240234375001e-05 0.5264678580072204 12.273200801574971 0 
5.2072143554687505e-05 0.5304173902068936 12.26273080899442 0 
5.268188476562501e-05 0.5343468621615035 12.252494708673305 0 
5.329162597656251e-05 0.538256044489029 12.242437674185283 0 
5.390136718750001e-05 0.5421447802681729 12.232626413714522 0 
5.4511108398437504e-05 0.5460128435549456 12.222878299115536 0 
5.512084960937501e-05 0.549861642057145 12.213369882339169 0 
5.573059082031251e-05 0.5536928536860161 12.20371659226142 0 
5.634033203125001e-05 0.557506416139163 12.192981873083738 0 
5.6950073242187504e-05 0.5613020119453915 12.182977800334863 0 
5.755981445312501e-05 0.5650795147453771 12.173663913703132 0 
5.816955566406251e-05 0.5688387450422155 12.167070727467634 0 
5.877929687500001e-05 0.5725795056329672 12.163136222137409 0 
5.9389038085937504e-05 0.5763017553937002 12.146460912117515 0 
5.999877929687501e-05 0.5800052784890453 12.143195044843921 0 
6.060852050781251e-05 0.5836905236857474 12.141731206480133 0 
6.121826171875001e-05 0.5873595586420849 12.134100212645167 0 
6.18280029296875e-05 0.591012531944238 12.122844874470214 0 
6.2437744140625e-05 0.5946493390382132 12.116440767320745 0 
6.304748535156251e-05 0.5982697530088538 12.11267451054897 0 
6.36572265625e-05 0.6018737059224075 12.103166152466518 0 
6.42669677734375e-05 0.6054611358001535 12.102585939330089 0 
6.487670898437501e-05 0.6090318335774865 12.092647754256031 0 
6.548645019531251e-05 0.6125857358346278 12.085261654497574 0 
6.609619140625e-05 0.6161227751681834 12.074944145412168 0 
6.7315673828125e-05 0.6231490998563605 12.072157926338662 0 
6.792541503906251e-05 0.626640614820378 12.063572897021658 0 
6.853515625e-05 0.6301176634568675 12.062870072939264 0 
6.91448974609375e-05 0.6335801722718399 12.053560242907633 0 
6.975463867187501e-05 0.6370280519524696 12.046704468808738 0 
7.036437988281251e-05 0.6404611789361894 12.043708291720586 0 
7.097412109375e-05 0.6438794744188069 12.035203494047783 0 
7.2193603515625e-05 0.6506714025529098 12.032793865398952 0 
7.280334472656251e-05 0.6540448472248245 12.025386725920988 0 
7.34130859375e-05 0.6574035561092831 12.022944843012795 0 
7.40228271484375e-05 0.6607489366605506 12.022892326835338 0 
7.463256835937501e-05 0.6640811168860393 12.01393370265748 0 
7.524230957031251e-05 0.6674000721462356 12.012858861320465 0 
7.585205078125e-05 0.6707057052400935 12.005444630525659 0 
7.64617919921875e-05 0.6739979383453287 12.003040550925803 0 
7.7071533203125e-05 0.6772767225139446 11.996620750656755 0 
7.8291015625e-05 0.683793730057976 11.992952570725743 0 
7.89007568359375e-05 0.6870318837238262 11.984687334762288 0 
7.951049804687501e-05 0.6902563808140314 11.984743090791138 0 
8.072998046875e-05 0.6966649249404425 11.982949384253883 0 
8.13397216796875e-05 0.699850781727876 11.974888513669594 0 
8.1949462890625e-05 0.7030246803982608 11.973156926758557 0 
8.31689453125e-05 0.7093365381915483 11.965682659855531 0 
8.438842773437501e-05 0.7156001191350089 11.962869550314498 0 
8.499816894531251e-05 0.7187137323474676 11.9627680389801 0 
8.560791015625e-05 0.721815110866731 11.954874804075587 0 
8.6827392578125e-05 0.727981245117935 11.953001304957933 0 
8.743713378906251e-05 0.7310459358795428 11.952650370865257 0 
8.8046875e-05 0.734098347879485 11.944840801781629 0 
8.926635742187501e-05 0.740169726207833 11.943082768680153 0 
9.048583984375e-05 0.7461976059777712 11.935727142266051 0 
9.170532226562501e-05 0.7521817235014202 11.933528240197962 0 
9.292480468750002e-05 0.7581218813190869 11.932414660561186 0 
9.353454589843751e-05 0.7610754176150887 11.924467252910022 0 
9.414428710937501e-05 0.7640178979961796 11.924199123039466 0 
9.536376953125002e-05 0.7698695784090459 11.924114001795031 0 
9.658325195312502e-05 0.7756770725998239 11.916155407490002 0 
9.780273437500002e-05 0.7814437104370117 11.91403714489463 0 
9.902221679687501e-05 0.7871703923417198 11.913397679595306 0 
0.00010024169921875002 0.7928570203218291 11.905628688772603 0 
0.00010146118164062502 0.7985034675864623 11.904180547769982 0 
0.00010268066406250002 0.8041095857284811 11.903745152360715 0 
0.00010390014648437501 0.8096753650115499 11.89578600355948 0 
0.00010511962890625002 0.8152007489270396 11.893490516842833 0 
0.00010633911132812502 0.8206880568645736 11.895051874529656 0 
0.00010755859375000002 0.8261389242627736 11.89240281462259 0 
0.00010877807617187501 0.831553253484856 11.885190255430368 0 
0.00010999755859375002 0.8369310241919854 11.883236454947278 0 
0.00011121704101562502 0.842272157356475 11.884869519922105 0 
0.00011243652343750001 0.8475766470389064 11.882291536940484 0 
0.00011365600585937501 0.8528444704321152 11.875559195695665 0 
0.00011487548828125001 0.8580758412468348 11.873497958506904 0 
0.00011609497070312502 0.8632733583446668 11.873670022851806 0 
0.00011731445312500001 0.868437766329239 11.873832450281883 0 
0.00011853393554687501 0.8735689726709875 11.871985417215411 0 
0.00011975341796875001 0.8786669953917896 11.865691406031324 0 
0.00012097290039062502 0.8837318004648468 11.864550801490985 0 
0.00012219238281250001 0.8887634301952125 11.861898139958242 0 
0.000123411865234375 0.8937618428570531 11.864662479047343 0 
0.00012463134765625003 0.8987271381214597 11.86315357987098 0 
0.00012585083007812502 0.9036612084707394 11.856974849695975 0 
0.0001270703125 0.9085650981143328 11.855753089989411 0 
0.00012950927734375 0.9182825895870984 11.85405817342023 0 
0.0001319482421875 0.92787972100924 11.85411182412662 0 
0.00013438720703125003 0.9373567551459617 11.852227550257567 0 
0.00013560668945312502 0.9420504203671447 11.845866880016025 0 
0.000136826171875 0.9467159849146003 11.845456545265263 0 
0.00013926513671875 0.9559642576339029 11.844332451835852 0 
0.0001417041015625 0.9651023218587195 11.842253577962298 0 
0.00014414306640625002 0.9741304969983307 11.84244680082272 0 
0.00014536254882812502 0.9786035231949541 11.841716759450957 0 
0.00014658203125 0.9830492031858531 11.836095371381582 0 
0.00014902099609375 0.9918630147836137 11.835319224925039 0 
0.0001514599609375 1.0005760837041398 11.834728995033577 0 
0.00015389892578125002 1.009188817915471 11.834791404318723 0 
0.000156337890625 1.0177016269737336 11.832935748155275 0 
0.000157557373046875 1.0219207248925817 11.832160081547794 0 
0.00015877685546875 1.026115013353944 11.826646148585205 0 
0.0001612158203125 1.0344338283333967 11.825521308514386 0 
0.00016365478515625002 1.0426613126838766 11.823358032488697 0 
0.00016609375 1.050797946547446 11.8246497939785 0 
0.00016853271484375 1.058844183671494 11.825701539165994 0 
0.0001709716796875 1.0668005399439948 11.824354433456874 0 
0.00017341064453125002 1.0746696691668327 11.822615039052442 0 
0.000175849609375 1.0824553436558575 11.821447038958034 0 
0.00017828857421875 1.09015823103103 11.815864174193903 0 
0.0001807275390625 1.0977786490470656 11.81523090120464 0 
0.00018316650390625002 1.1053171927880003 11.81488076262879 0 
0.00018560546875 1.112774611336949 11.812729443794225 0 
0.00018804443359375 1.120155242060034 11.813857256462127 0 
0.0001904833984375 1.1274604503337764 11.814746915406145 0 
0.00019292236328125002 1.1346908182234032 11.813658300098878 0 
0.000195361328125 1.1418467610032166 11.812851868756148 0 
0.00019780029296875 1.1489287919760698 11.806702787782571 0 
0.0002002392578125 1.1559379096408489 11.806623166245606 0 
0.00020267822265625002 1.162877552005361 11.805689397473609 0 
0.0002051171875 1.1697485717481493 11.80530357632774 0 
0.00020755615234375 1.1765514983563412 11.805015547379801 0 
0.0002099951171875 1.1832867088845056 11.804745472521757 0 
0.00021243408203125002 1.1899547975580227 11.80304158887863 0 
0.000214873046875 1.1965563864533484 11.803928512947165 0 
0.00021731201171875 1.2030946155567857 11.803151140022662 0 
0.0002197509765625 1.2095705495221967 11.80209393849237 0 
0.00022218994140625002 1.2159846768744071 11.79638498311422 0 
0.00022462890625 1.222337419276482 11.796307731692874 0 
0.00022706787109375 1.2286292443196423 11.795052460727085 0 
0.0002295068359375 1.2348605692997132 11.795392727151912 0 
0.00023194580078125001 1.2410330132896237 11.795582896216628 0 
0.000234384765625 1.247148544226177 11.795317420066063 0 
0.00023682373046875 1.2532076644373402 11.795489132275428 0 
0.0002392626953125 1.2592108104453117 11.794540759337698 0 
0.00024170166015625001 1.2651583443143137 11.793046796500692 0 
0.000244140625 1.2710506465191012 11.792447877123061 0 
0.00024657958984375 1.276888255577949 11.78728093047337 0 
0.00024901855468749997 1.2826730602477334 11.78625976611861 0 
0.00025145751953125 1.2884064089552532 11.785635915222018 0 
0.000253896484375 1.2940887809271284 11.783468815773581 0 
0.00025633544921875 1.2997204691980373 11.784282891035057 0 
0.0002587744140625 1.30530190672041 11.785469002895619 0 
0.00026121337890625 1.310833415298141 11.78568173925695 0 
0.00026365234375 1.316315492591605 11.784694928990817 0 
0.00026609130859375 1.3217494539651613 11.783505487650327 0 
0.00026853027343749997 1.3271367267937302 11.782712488460893 0 
0.00027096923828125 1.3324777345722951 11.781947039120654 0 
0.000273408203125 1.337772842619927 11.776360146776089 0 
0.00027584716796875 1.3430222966424217 11.775790760296273 0 
0.0002782861328125 1.3482265969083311 11.775148342686736 0 
0.00028072509765625 1.353385973943471 11.773032262362026 0 
0.0002831640625 1.358501030837325 11.773799122591704 0 
0.00028560302734375 1.3635733336368379 11.775534725375513 0 
0.00028804199218749997 1.3686034433185994 11.774336112074483 0 
0.00029048095703125 1.373591677493078 11.77312848325526 0 
0.000292919921875 1.3785383541721146 11.77150151431075 0 
0.00029535888671875 1.3834438632948363 11.767112913158854 0 
0.0002977978515625 1.3883084694615775 11.766215764915886 0 
0.00030267578125 1.3979164737237122 11.765084357430032 0 
0.00030755371093749997 1.4073693819370607 11.763556506869124 0 
0.000312431640625 1.4166709200991368 11.76273367241326 0 
0.00031487060546875 1.421265625693151 11.762598609251505 0 
0.0003173095703125 1.425823417829931 11.756096664766744 0 
0.0003221875 1.4348293078398777 11.75578660482954 0 
0.00032706542968749996 1.4436958536435798 11.755429501315064 0 
0.000331943359375 1.4524273992037946 11.753157040574344 0 
0.00033438232421875 1.4567432570631846 11.752520504088833 0 
0.0003368212890625 1.4610260660070142 11.74625035442779 0 
0.00034169921875 1.469493831810122 11.745691103448328 0 
0.00034657714843749996 1.4778326254095489 11.745599837997302 0 
0.000351455078125 1.4860443808317352 11.743567261771222 0 
0.0003563330078125 1.4941309862458747 11.741760406209483 0 
0.00035877197265625 1.4981279528801013 11.735537573106006 0 
0.0003612109375 1.5020943187884266 11.734930966296302 0 
0.00036608886718749996 1.5099369612564273 11.735864115761384 0 
0.000370966796875 1.517666080545478 11.733672775376723 0 
0.0003758447265625 1.5252845844001217 11.731379217349899 0 
0.00037828369140625 1.5290529350856374 11.72628221904148 0 
0.00038072265625 1.5327942760517683 11.724235788368597 0 
0.00038560058593749996 1.540196670061197 11.726406310856758 0 
0.000390478515625 1.547493378666412 11.723356201495841 0 
0.0003953564453125 1.554685937970174 11.717015884522008 0 
0.000400234375 1.5617759009638355 11.713976862344303 0 
0.00040511230468749995 1.5687648078376872 11.715745789683035 0 
0.000409990234375 1.5756540575033715 11.712916157635052 0 
0.0004148681640625 1.5824472114189632 11.706552788871457 0 
0.00041974609375 1.5891492072717395 11.703820064390126 0 
0.00042462402343749995 1.5957613467809904 11.704723672877524 0 
0.000429501953125 1.602285089448257 11.702578527822666 0 
0.0004343798828125 1.6087216150981674 11.696033820492387 0 
0.0004392578125 1.615072219613576 11.694183978436689 0 
0.00044413574218749995 1.621338078489156 11.693811554414804 0 
0.000449013671875 1.6275204275348378 11.687207976041693 0 
0.0004538916015625 1.6336203721604383 11.685556383836385 0 
0.00045876953125 1.6396391854841164 11.685089580652269 0 
0.00046364746093749995 1.6455783355915914 11.682875234212219 0 
0.000468525390625 1.6514417208019214 11.676330464670059 0 
0.0004734033203125 1.6572310426614183 11.67534228147368 0 
0.00047828125 1.6629472450871865 11.673064453720851 0 
0.00048315917968749995 1.668591524769651 11.666285095608067 0 
0.00048803710937499997 1.6741648085598246 11.66576879181567 0 
0.0004929150390625 1.6796679984142668 11.664565816084647 0 
0.00049779296875 1.6851021930662382 11.657238823788918 0 
0.0005026708984374999 1.6904682584396233 11.656632962496923 0 
0.000507548828125 1.6957670569123078 11.655750593544948 0 
0.0005124267578125 1.7009995857289169 11.652878123224543 0 
0.0005173046875 1.7061667580700814 11.645484854186593 0 
0.0005221826171874999 1.7112714656411085 11.64588724137947 0 
0.0005270605468749999 1.7163154473685267 11.643585920491097 0 
0.0005319384765625 1.7212995877253983 11.636511070823827 0 
0.00053681640625 1.7262246775752816 11.636461356078186 0 
0.0005416943359374999 1.7310915139750598 11.634552188919825 0 
0.000546572265625 1.7359009455588796 11.632565701343857 0 
0.0005514501953125 1.7406536110211932 11.62514519831318 0 
0.000556328125 1.7453503188989576 11.625252796034683 0 
0.0005612060546874999 1.7499918099077383 11.623051685830404 0 
0.0005660839843749999 1.7545787342542358 11.615177201833196 0 
0.00057583984375 1.763591741887842 11.613805747951806 0 
0.0005807177734374999 1.7680204000914732 11.61177782875223 0 
0.000585595703125 1.7723993347661504 11.605322881169025 0 
0.0005953515625 1.7810105360694606 11.602527026144003 0 
0.0006002294921874999 1.78524417412528 11.594442810995217 0 
0.0006051074218749999 1.789430620759052 11.59498870674603 0 
0.0006099853515625 1.7935704834435675 11.59298932805063 0 
0.00061486328125 1.7976643327027162 11.58632159719125 0 
0.000624619140625 1.8057162506822328 11.583285116616878 0 
0.0006294970703125 1.8096754973984484 11.577100060038962 0 
0.000634375 1.813590953901451 11.574701576442123 0 
0.0006441308593749999 1.8212933159802298 11.57230548238068 0 
0.0006490087890625 1.8250826519120917 11.564529686230266 0 
0.00065388671875 1.82883178788632 11.564148768011673 0 
0.0006587646484374999 1.8325411611663471 11.562738543992795 0 
0.000663642578125 1.8362112114983011 11.556228878871833 0 
0.0006733984375 1.8434355499021906 11.553110685989113 0 
0.0006782763671874999 1.8469906823892672 11.546852394495005 0 
0.0006831542968749999 1.850508464434649 11.545764728442965 0 
0.00069291015625 1.8574334734066325 11.54190826261147 0 
0.0006977880859374999 1.8608416111526858 11.533925885828154 0 
0.000702666015625 1.8642141500600349 11.533635758102344 0 
0.000712421875 1.8708543519991159 11.526271135673715 0 
0.0007221777343749999 1.8773612706361318 11.523007293375622 0 
0.0007270556640625 1.8805659668532995 11.516514868358756 0 
0.0007319335937499999 1.8837386764861972 11.51481785532938 0 
0.000741689453125 1.8899896045110822 11.507157828181336 0 
0.0007514453124999999 1.8961170634869673 11.502817817460835 0 
0.0007612011718749999 1.900159877018768 11.49671728147678 0 
0.0007709570312499999 1.9013136131237252 11.493878004868014 0 
0.000780712890625 1.9022943462036956 11.491750659541468 0 
0.0007904687499999999 1.9029235681515009 11.483683790411908 0 
0.0008002246093749999 1.903375581726542 11.476350822056832 0 
0.0008099804687499999 1.9036574610470907 11.472979885766211 0 
0.000819736328125 1.9040107694368404 11.463841082421588 0 
0.0008294921874999999 1.9039107190207862 11.456503626975145 0 
0.0008392480468749999 1.9040547764709856 11.452225134487428 0 
0.0008490039062499999 1.903956553694436 11.44285569995309 0 
0.000858759765625 1.903655125304033 11.43375214226404 0 
0.0008685156249999999 1.9034971771668543 11.424221789226893 0 
0.0008782714843749999 1.9029743815367184 11.416715509419975 0 
0.0008880273437499999 1.9027188757314821 11.412593757770118 0 
0.000897783203125 1.9021475985318164 11.402836099612525 0 
0.0009075390624999999 1.9019462542960592 11.393071893846223 0 
0.0009172949218749999 1.901262638996305 11.384269455199382 0 
0.0009270507812499999 1.9007738585103517 11.375734746607595 0 
0.000936806640625 1.8998139630780015 11.366735562858915 0 
0.0009465624999999999 1.8993486017830692 11.361662383417526 0 
0.0009563183593749999 1.8986798705428725 11.352879710895904 0 
0.0009611962890625 1.8982309889272106 11.344701061353755 0 
0.0009660742187499999 1.8978100860999216 11.342882346309775 0 
0.0009709521484374999 1.8974352554886524 11.336915539815594 0 
0.000975830078125 1.8967330904806388 11.33221872242665 0 
0.0009855859375 1.896289842003152 11.323538719757387 0 
0.0009953417968749999 1.895330951976925 11.314409601726844 0 
0.00100509765625 1.8944456469107946 11.304850228767437 0 
0.001014853515625 1.8935153318438802 11.29722845210429 0 
0.0010197314453124998 1.8929932381024146 11.292600255242084 0 
0.001024609375 1.892628246785224 11.287253121225085 0 
0.0010343652343749999 1.8916937321472602 11.282534315798042 0 
0.0010441210937499998 1.890731160128648 11.272977514434052 0 
0.0010489990234374999 1.890198193561771 11.265622215488282 0 
0.001053876953125 1.889730475371455 11.262387342192254 0 
0.0010587548828125 1.888917607815037 11.256722039717733 0 
0.0010636328125 1.888715496726986 11.252194075516288 0 
0.0010733886718749999 1.887679968176016 11.243481149819813 0 
0.00108314453125 1.8862997193837685 11.23446777784404 0 
0.001092900390625 1.885245581495933 11.225014126889143 0 
0.00110265625 1.8845366844089007 11.222071961709213 0 
0.0011075341796875 1.8839693768354795 11.212698249507113 0 
0.0011124121093749998 1.8832753656534236 11.212103824980717 0 
0.0011221679687499998 1.8824654915395984 11.202870193397949 0 
0.0011270458984374999 1.881696662988012 11.194761749247967 0 
0.001131923828125 1.881005735486624 11.192819938630931 0 
0.0011368017578125 1.8807508677877178 11.186391087747225 0 
0.0011416796875 1.8800444161257215 11.176855521574238 0 
0.0011514355468749998 1.8788313909972851 11.173334900709184 0 
0.00116119140625 1.8777962230100889 11.164394292516908 0 
0.001170947265625 1.876306124455076 11.154851260855553 0 
0.001180703125 1.8754723803544295 11.152093570263613 0 
0.0011904589843749998 1.874557064615914 11.1426626135106 0 
0.0012002148437499998 1.8732135759618838 11.132863843475747 0 
0.0012050927734374999 1.872450466403657 11.124982030814726 0 
0.001209970703125 1.8719129976720614 11.117257638860448 0 
0.0012197265624999999 1.8707880110257384 11.113081584942634 0 
0.0012294824218749998 1.8695973038102622 11.104347662702528 0 
0.00123923828125 1.8683420952846692 11.095344037164415 0 
0.001248994140625 1.8672763962622778 11.092276090258391 0 
0.0012587499999999999 1.866274827067914 11.082928766415414 0 
0.0012636279296875 1.8655645277809518 11.074538179693578 0 
0.0012685058593749998 1.8648391314672257 11.072324876068604 0 
0.0012733837890624997 1.8640988902333502 11.065928718247683 0 
0.0012782617187499998 1.8633440065896505 11.056208327035536 0 
0.001288017578125 1.8623162626307577 11.054000003786596 0 
0.0012977734374999999 1.861357977776445 11.045556162088848 0 
0.0013075292968749998 1.8596992519184037 11.03696843093674 0 
0.00131728515625 1.8587863618305238 11.032910867723885 0 
0.0013221630859375 1.8583049825322007 11.024547097738747 0 
0.001327041015625 1.8574181225704558 11.02159914311217 0 
0.0013367968749999999 1.856147305048193 11.013131622028531 0 
0.0013465527343749998 1.8549541484860197 11.00425427064306 0 
0.0013563085937499998 1.8538649663389206 10.996640371383329 0 
0.001366064453125 1.8523141509647882 10.99270447348343 0 
0.0013709423828125 1.8518729316290201 10.984192262662413 0 
0.0013758203124999999 1.851548016810021 10.976964959676668 0 
0.0013855761718749998 1.8500633126061656 10.973096832921097 0 
0.00139533203125 1.8486640279907238 10.964146793726135 0 
0.001405087890625 1.8477893362079212 10.961928538273963 0 
0.0014148437499999999 1.846467480329571 10.952933141487975 0 
0.0014197216796875 1.8457840580001887 10.944357609409039 0 
0.0014245996093749998 1.8452444991073989 10.936163739341927 0 
0.0014343554687499998 1.843698134043394 10.933156526355818 0 
0.001444111328125 1.8426900544770568 10.925484159432207 0 
0.0014538671874999999 1.841651705165483 10.922802194017475 0 
0.0014587451171874997 1.8404646373866598 10.913554086106089 0 
0.0014636230468749998 1.8405836651573164 10.906713660519843 0 
0.00147337890625 1.8386423945527106 10.902582684500214 0 
0.001483134765625 1.8379325573038583 10.895055672450953 0 
0.0014928906249999999 1.8364864637673175 10.886867126756455 0 
0.0015026464843749998 1.8353021010638764 10.882499633887438 0 
0.0015124023437499997 1.8340908411122043 10.87299766536945 0 
0.001522158203125 1.8328532619008937 10.864279459549644 0 
0.0015319140624999999 1.8317637233010877 10.862458349518919 0 
0.0015367919921874997 1.8310161056772691 10.853843669376744 0 
0.0015416699218749998 1.8305971088581074 10.84718956100131 0 
0.00155142578125 1.8288531976576647 10.842941370558949 0 
0.001561181640625 1.8283890272348942 10.835683025376408 0 
0.0015709374999999999 1.827029613142056 10.832960800303283 0 
0.0015758154296875 1.8262726422179394 10.824087075619643 0 
0.0015806933593749998 1.8256468261633196 10.816358797756749 0 
0.0015904492187499997 1.8242409458034794 10.813733986676628 0 
0.001600205078125 1.82279909429399 10.805406090291099 0 
0.0016099609374999998 1.821975530296812 10.802787679380335 0 
0.0016148388671874997 1.8213125006727275 10.79530310076138 0 
0.0016197167968749998 1.8203678007349104 10.791974794073347 0 
0.00162947265625 1.8197708598158875 10.785063950641998 0 
0.001639228515625 1.8182609065701365 10.782723516780848 0 
0.0016441064453124998 1.8172896586469662 10.773769762903163 0 
0.0016489843749999998 1.8173519044344426 10.767255183324382 0 
0.0016684960937499997 1.8150014903347893 10.76237907792449 0 
0.0016733740234374998 1.814140479013062 10.753697140196474 0 
0.001678251953125 1.8134162270107732 10.752224624695119 0 
0.0016880078124999998 1.812440682518863 10.743656083000873 0 
0.0016977636718749998 1.8115926910360856 10.7370453531464 0 
0.00170751953125 1.8099554676974645 10.732645736573135 0 
0.0017172753906249999 1.808934392475319 10.72349685085268 0 
0.0017270312499999998 1.808042811650102 10.716242734124883 0 
0.0017367871093749998 1.8063566494319705 10.712830605804527 0 
0.0017465429687499997 1.8052925638617872 10.703186430599674 0 
0.0017562988281249999 1.8043599598118352 10.695448526492012 0 
0.0017660546874999998 1.802613872019634 10.693102824470605 0 
0.0017709326171874997 1.802471167037934 10.685337950717532 0 
0.0017758105468749998 1.801379623771121 10.683008108792924 0 
0.00178556640625 1.8005521172921186 10.675258099824884 0 
0.0017953222656249999 1.799611727805158 10.666973099152285 0 
0.0018050781249999998 1.7984286600654895 10.663547822452564 0 
0.0018148339843749998 1.7972762083343081 10.656338340366842 0 
0.0018197119140624996 1.796443894142315 10.65350564427376 0 
0.0018245898437499997 1.7962593037252204 10.64570672635561 0 
0.0018441015624999998 1.794045779385745 10.642721073466646 0 
0.0018538574218749998 1.7928488645525318 10.632908260488804 0 
0.00186361328125 1.7917896648947567 10.625104552772708 0 
0.0018733691406249999 1.7905718345188353 10.622810276146641 0 
0.0018831249999999998 1.7894927470154238 10.613299685766377 0 
0.0018928808593749998 1.7882548157007088 10.605391503707986 0 
0.0019026367187499997 1.787156624467748 10.596262025846817 0 
0.0019221484374999998 1.7847827852172635 10.592355523438409 0 
0.0019319042968749998 1.7838363401707462 10.582979348549822 0 
0.00194166015625 1.7823728165917694 10.5749688106208 0 
0.0019514160156249999 1.7809299066694664 10.572909457674124 0 
0.001961171875 1.779913731894371 10.563128534183283 0 
0.001970927734375 1.7794399456515764 10.56244122983949 0 
0.0019806835937499997 1.778121992298559 10.552814099016992 0 
0.0019904394531249994 1.7769479540680522 10.544926702665494 0 
0.0020001953124999996 1.7754632051851647 10.543035066984665 0 
0.0020099511718749997 1.7744101380306976 10.533232555745299 0 
0.00201970703125 1.77390475149948 10.53268115489094 0 
0.002029462890625 1.772884099113684 10.523057489364726 0 
0.00203921875 1.7713389548156475 10.51488560001861 0 
0.0020489746093749995 1.7708024581738069 10.507053628169926 0 
0.0020587304687499997 1.7694259943162562 10.50364444487979 0 
0.002068486328125 1.768196757373815 10.502967921518712 0 
0.0020782421875 1.7676445236880702 10.493467451763955 0 
0.002087998046875 1.7662487960324844 10.491388611877584 0 
0.00209775390625 1.7650013007376237 10.482816931561297 0 
0.0021075097656249996 1.764434437349391 10.475824305531118 0 
0.0021123876953124997 1.763153497191635 10.47311643189203 0 
0.002117265625 1.7630204554483315 10.465712834212209 0 
0.0021367773437499997 1.7611751912978804 10.456498674755712 0 
0.0021562890624999996 1.758448955355179 10.447217916546155 0 
0.00217580078125 1.7572733373024747 10.442900295792036 0 
0.002185556640625 1.7558215328052404 10.43300906164509 0 
0.0021953124999999998 1.7545216877223144 10.425162240443825 0 
0.0022050683593749995 1.7539130044007407 10.42286642802285 0 
0.0022148242187499997 1.7522908229766911 10.414637879198796 0 
0.002224580078125 1.751830694380178 10.406833797960534 0 
0.0022343359375 1.7505129522454244 10.404654310326396 0 
0.002244091796875 1.7498904136874593 10.39562651953755 0 
0.00225384765625 1.7487524341343812 10.394603842708321 0 
0.0022636035156249996 1.7477770802921677 10.386430983465303 0 
0.0022733593749999998 1.74644297894674 10.383364424247324 0 
0.002283115234375 1.745807875654554 10.37718669988513 0 
0.0022928710937499997 1.7441499093375286 10.373167869031255 0 
0.0023026269531249994 1.743666233232245 10.372968355514148 0 
0.0023123828124999996 1.7423023455438418 10.36316172632537 0 
0.00233189453125 1.7410223623634535 10.35339885324186 0 
0.002341650390625 1.7398534069762583 10.352926449989525 0 
0.0023514062499999998 1.7388495838091984 10.343252304750013 0 
0.0023611621093749995 1.737484059102249 10.337020012535827 0 
0.0023709179687499997 1.7368254382847168 10.333190754250248 0 
0.002380673828125 1.7361652037910318 10.332379907440163 0 
0.0023904296875 1.7349818151160599 10.323249817535116 0 
0.002400185546875 1.733964775000018 10.322897145848621 0 
0.00240994140625 1.732584581805801 10.313146031735966 0 
0.0024294531249999998 1.7312444201325987 10.303392069437544 0 
0.002439208984375 1.7295347122651374 10.296853764138634 0 
0.0024489648437499996 1.729019628291277 10.293278458694163 0 
0.0024587207031249994 1.7276112917209425 10.292239771403823 0 
0.0024684765624999995 1.7269473525475787 10.283264253686848 0 
0.00248798828125 1.7255857426095162 10.274742765584142 0 
0.002497744140625 1.7238595656872644 10.272537097948554 0 
0.0025074999999999997 1.7233353599299523 10.264188961513181 0 
0.0025172558593749995 1.7226490970485688 10.262348222616941 0 
0.0025270117187499996 1.721239987367872 10.25434279895111 0 
0.0025465234375 1.7198601578307977 10.245736923602962 0 
0.00256603515625 1.7179462126151575 10.23646847614078 0 
0.0025855468749999997 1.7161987307550564 10.232895894213497 0 
0.002595302734375 1.714776493863064 10.223097940351892 0 
0.00260505859375 1.7140786212786632 10.222781417473563 0 
0.0026148144531250002 1.713380048657066 10.214021782984846 0 
0.0026245703125 1.7126809047749973 10.206474575089397 0 
0.00264408203125 1.7107463832896663 10.20278388119249 0 
0.00266359375 1.7089807014048768 10.193102490966458 0 
0.0026733496093750003 1.7075311990763549 10.18564284930218 0 
0.00268310546875 1.7068414343544225 10.183094899900743 0 
0.0027026171875 1.7054299802067518 10.173913456722962 0 
0.002712373046875 1.7047236599394477 10.172624774451952 0 
0.0027221289062500003 1.7029534680246297 10.163675121222298 0 
0.002741640625 1.7017003996759272 10.155965780405383 0 
0.00276115234375 1.6995313532125471 10.146766167018866 0 
0.002770908203125 1.6988360862871692 10.143147712656111 0 
0.0027806640625000004 1.6981252785996082 10.136126447108296 0 
0.0028001757812500003 1.6967029887577378 10.133022065948783 0 
0.0028196875 1.695279874812114 10.123218977517501 0 
0.00283919921875 1.6933140061102048 10.114745527412659 0 
0.0028587109375 1.6915217873140853 10.105867501653435 0 
0.0028782226562500002 1.6893381310364866 10.096863395122226 0 
0.0028879785156250004 1.6886390880403326 10.093145557260913 0 
0.002897734375 1.687924665305997 10.08574873620123 0 
0.00291724609375 1.686495804215186 10.083038135962763 0 
0.0029367578125000003 1.6850670256314524 10.0744776531767 0 
0.0029562695312500002 1.6836385213411036 10.066962616539989 0 
0.00297578125 1.6816637779405994 10.062153675641149 0 
0.00299529296875 1.6798657778063375 10.052376334636689 0 
0.0030148046875 1.6784369648364401 10.04308275346921 0 
0.003024560546875 1.6777228566131375 10.035978786565343 0 
0.0030343164062500002 1.676245284721044 10.033165162297214 0 
0.003053828125 1.6748321799096555 10.025906468654512 0 
0.003063583984375 1.674118322173901 10.0230778060121 0 
0.00307333984375 1.6734046555133373 10.015896177582006 0 
0.0030928515625000003 1.6719783533816355 10.01301144757445 0 
0.0031123632812500002 1.6705530794579362 10.00482167471881 0 
0.003131875 1.6691291286387153 10.002761640506401 0 
0.00315138671875 1.6677066414784687 9.992880741010818 0 
0.0031611425781249997 1.6669958847076838 9.987181626341568 0 
0.0031708984375 1.6651925150578284 9.982940062661772 0 
0.00319041015625 1.6637711331096803 9.973623867014622 0 
0.003209921875 1.6628936091858053 9.967165264784816 0 
0.00322943359375 1.661322613762603 9.96295784829983 0 
0.0032489453125000003 1.6596858228308768 9.953145389742655 0 
0.00326845703125 1.658271194960222 9.945942553534536 0 
0.00328796875 1.656858418550523 9.942430518308866 0 
0.00330748046875 1.6554475301214233 9.933094093142694 0 
0.0033269921875 1.653264066661521 9.924559416666618 0 
0.00334650390625 1.651856393362927 9.92270264003085 0 
0.003366015625 1.650450874016053 9.912909747606596 0 
0.00338552734375 1.6490631563829425 9.904478968935942 0 
0.0034050390625000003 1.6476622207552811 9.90271498637382 0 
0.00342455078125 1.6462635720126804 9.892929932335283 0 
0.0034440625 1.6448673905186346 9.884611300530077 0 
0.00346357421875 1.6434736736547175 9.88262973437496 0 
0.0034830859375 1.6420824848198181 9.873004703294407 0 
0.00350259765625 1.6406938070086576 9.864799146230524 0 
0.003522109375 1.6393077440623127 9.856628246181833 0 
0.00354162109375 1.637924371507732 9.852970307696923 0 
0.0035611328125000003 1.6365436307094814 9.84508097776968 0 
0.00358064453125 1.6351656751352601 9.835790643090323 0 
0.00360015625 1.6337904286604756 9.833053714474959 0 
0.00361966796875 1.6324180961775343 9.82587009156847 0 
0.0036391796875 1.6310485614309358 9.822730912206895 0 
0.00365869140625 1.6296817561682673 9.81438112209954 0 
0.003678203125 1.6283178108467258 9.812514026364111 0 
0.00369771484375 1.626956641995855 9.802988895449685 0 
0.0037172265625000003 1.625598331716312 9.794995196836497 0 
0.00373673828125 1.6242429298997052 9.786488912027073 0 
0.00375625 1.6228905103688331 9.783082640394266 0 
0.00377576171875 1.621525569815111 9.782156614081934 0 
0.0037952734375 1.6201791447096003 9.772946700348735 0 
0.00381478515625 1.6188358478645497 9.764815478809407 0 
0.003834296875 1.6174955150373507 9.755364060794125 0 
0.0038733203125000002 1.6156133987935881 9.746362247012534 0 
0.00391234375 1.6129552366062896 9.742677047978635 0 
0.00393185546875 1.6116309687241162 9.732970714320846 0 
0.0039513671875 1.6105361540159253 9.725787362283118 0 
0.003970878906249999 1.6093759453410503 9.722953963085374 0 
0.003990390625 1.6080614936524489 9.714841276457328 0 
0.00400990234375 1.6061923942634697 9.707004682803007 0 
0.0040294140625 1.604884416322099 9.702969447534883 0 
0.0040684375 1.603406183184749 9.694395222023717 0 
0.0040879492187499995 1.6021083434110575 9.686127797926376 0 
0.0041074609375 1.600813778012956 9.682999277379169 0 
0.00412697265625 1.5995225347960038 9.682161002807756 0 
0.004146484375 1.598234678192077 9.672966720983833 0 
0.004165996093750001 1.5969502046476225 9.665519894021799 0 
0.0041855078125 1.595669099026979 9.662728383695619 0 
0.00420501953125 1.5943913690005083 9.654721568425126 0 
0.00422453125 1.5931016065280412 9.64614681300392 0 
0.0042635546875 1.5913598133560027 9.642873891197139 0 
0.004283066406249999 1.590095418992185 9.634870081538633 0 
0.0043025781249999995 1.5888344084307189 9.632394172906622 0 
0.00432208984375 1.5879638752174159 9.625227220680017 0 
0.0043416015625 1.586147077219012 9.615793536525459 0 
0.004380625 1.5847848110271365 9.612970862497182 0 
0.004400136718749999 1.5835404127576245 9.605627427014028 0 
0.0044196484375 1.5822994450964445 9.602904234667552 0 
0.00443916015625 1.5810618129190477 9.59512695705414 0 
0.004458671875 1.579827639672373 9.592721115880467 0 
0.004478183593750001 1.578596868749459 9.584793416942397 0 
0.0044976953125 1.5773540448756596 9.582435256139616 0 
0.00453671875 1.5757109855575382 9.572935391967027 0 
0.00455623046875 1.5744936435857706 9.571877604350274 0 
0.0045757421875 1.573509196998856 9.562965012135075 0 
0.004595253906249999 1.5724583695982288 9.557101996603995 0 
0.0046147656249999995 1.5706859494362686 9.552984829320485 0 
0.0046537890625 1.5694239183735177 9.5445430030461 0 
0.0046733007812500005 1.5682267673319596 9.536306157112577 0 
0.0046928125 1.567033072127249 9.534555494575738 0 
0.004712324218749999 1.5658427593283553 9.5266554815598 0 
0.0047318359375 1.564655969965581 9.524601259943402 0 
0.004770859375 1.5630818605381251 9.522595731443534 0 
0.004790371093750001 1.5619049561993916 9.512952540136022 0 
0.0048098828125 1.5607314378206267 9.512664120650191 0 
0.00482939453125 1.5599520608266457 9.504045125696196 0 
0.00484890625 1.558217704831741 9.502652188953917 0 
0.0048879296875 1.5570405493800585 9.49296422488595 0 
0.004907441406249999 1.5558834986355132 9.486298768138363 0 
0.0049269531249999995 1.5547298043862108 9.48290728531401 0 
0.00494646484375 1.5535795754240687 9.482422457112927 0 
0.0049659765625 1.5524172391426763 9.472944601132241 0 
0.005005 1.550940596304653 9.465053991791393 0 
0.0050440234375 1.5490609928463388 9.462642786762958 0 
0.00506353515625 1.547360455337262 9.452971324117035 0 
0.005083046875 1.5473831673090228 9.452602365932414 0 
0.0051220703125 1.5451365056618838 9.442934066527082 0 
0.0051415820312499996 1.5440181457577908 9.435664609605574 0 
0.00516109375 1.5429030627474039 9.43290496293775 0 
0.0052001171875000005 1.5414771151762852 9.424904893638702 0 
0.005239140625 1.5395005686231695 9.422403432525961 0 
0.0052781640625 1.53804905144006 9.41283815282847 0 
0.00529767578125 1.5369554687453542 9.405592858158998 0 
0.005317187500000001 1.5358651801263048 9.402899174290363 0 
0.005336699218750001 1.5347780314834059 9.402628783179173 0 
0.0053562109375000005 1.5336941705834264 9.392987096530144 0 
0.005395234375 1.5315206616817574 9.38443741551692 0 
0.005434257812500001 1.5301861283171272 9.376424113404154 0 
0.005453769531250001 1.5295118293844943 9.374911881595963 0 
0.005473281250000001 1.5278739046902419 9.365351484367338 0 
0.0055123046875000005 1.5269081671840439 9.364489895378316 0 
0.005551328125000001 1.5247982135776676 9.355527034315962 0 
0.005590351562500001 1.5226854450089073 9.352577883747971 0 
0.005629375000000001 1.5214130951214229 9.34290991427687 0 
0.005648886718750001 1.5207696611188328 9.33553118558032 0 
0.0056683984375000005 1.5191604639040028 9.33299317518336 0 
0.005707421875 1.5182568001399723 9.325916207464736 0 
0.005746445312500001 1.516206191463351 9.322865031093036 0 
0.005785468750000001 1.5149678288446617 9.314818927119106 0 
0.0058244921875000005 1.5131735296335176 9.307270819067005 0 
0.005863515625000001 1.511906762475742 9.302934740447562 0 
0.005902539062500001 1.5099012943095937 9.2945648557108 0 
0.005941562500000001 1.5079076734552423 9.287014140343276 0 
0.0059805859375000004 1.5067270908782995 9.282905650139467 0 
0.006019609375 1.505152113674811 9.274842994086518 0 
0.006058632812500001 1.5037789915743394 9.266414430653565 0 
0.006097656250000001 1.5018284970413616 9.262903934967998 0 
0.0061366796875 1.4998894953086364 9.254436368621686 0 
0.006175703125000001 1.49876427416502 9.246464632366632 0 
0.006253750000000001 1.4959249480145147 9.237370298613575 0 
0.0062927734375 1.4940276697252968 9.232851220371197 0 
0.006331796875 1.4921263109820044 9.223037013932785 0 
0.006370820312500001 1.4910699506890919 9.215917982102207 0 
0.006409843750000001 1.4890240932752763 9.212945254672931 0 
0.0064488671875 1.4883358036025887 9.212506820689288 0 
0.006487890625000001 1.4864901235030226 9.2028549384939 0 
0.006526914062500001 1.4846399307780507 9.193269481641577 0 
0.006565937500000001 1.483635154852294 9.185312155505603 0 
0.006643984375 1.4810026414669757 9.175925235331823 0 
0.006722031250000001 1.4782276950214532 9.172270766708214 0 
0.006800078125000001 1.475674566643175 9.162661269594398 0 
0.006839101562500001 1.4739162666145436 9.152948648555755 0 
0.0068781250000000006 1.47216819418873 9.144407615388259 0 
0.006956171875 1.4699078470363691 9.134902428750742 0 
0.006995195312500001 1.468779606288661 9.132913896415078 0 
0.0070342187500000005 1.4670677761318167 9.12442522582041 0 
0.0070732421875 1.4653658990745801 9.11733862445961 0 
0.007112265625000001 1.4644817219876913 9.11440037077997 0 
0.0071903125000000005 1.4621146141699346 9.104772828831143 0 
0.0072293359375 1.460447088444806 9.095828629794175 0 
0.007268359375 1.458774004571239 9.092953218132172 0 
0.007307382812500001 1.457949258052381 9.085410205954174 0 
0.0073464062500000005 1.4561266107833524 9.082949330940387 0 
0.007424453125000001 1.4540442361501802 9.074432898095587 0 
0.0075025000000000005 1.4516314441798601 9.064788601663594 0 
0.007580546875 1.4494351703260997 9.056912752145317 0 
0.007619570312500001 1.4478514528890198 9.052917799717079 0 
0.0076585937500000005 1.4462614607875939 9.044712052322438 0 
0.007736640625000001 1.443779578345922 9.035165779186823 0 
0.0078146875 1.4418614286887987 9.026490743765189 0 
0.007892734375 1.4396098159873836 9.022176617864504 0 
0.00797078125 1.4375729063924467 9.012947183431422 0 
0.0080098046875 1.4360669683410867 9.006465772006061 0 
0.008048828125 1.4345542821145645 9.002971957171816 0 
0.008087851562500002 1.4338917216270122 8.996046505336418 0 
0.008126875 1.4322263409659672 8.992967088624148 0 
0.008204921875 1.4304611028907837 8.985438763366677 0 
0.008282968750000001 1.4283595764468848 8.976755608793047 0 
0.008361015625 1.4264709377923768 8.972987498726921 0 
0.0084000390625 1.425037155307554 8.96550494904008 0 
0.0084390625 1.4235961605089071 8.96284523611271 0 
0.008478085937500001 1.423006724569721 8.956072993487409 0 
0.008517109375 1.421411430663511 8.952989665806394 0 
0.00859515625 1.4197887906438402 8.946748043643979 0 
0.0086341796875 1.4183966217884894 8.942940038130207 0 
0.008673203125 1.4178267147158035 8.936803324467487 0 
0.00875125 1.4160761981054257 8.933117234441045 0 
0.0087902734375 1.4147090749384337 8.926161458045138 0 
0.008829296875 1.4133492187300516 8.923319325352091 0 
0.008907343750000001 1.4117032716210947 8.922533192003915 0 
0.008985390625 1.4097909031411755 8.912871434937822 0 
0.0090244140625 1.4084620864776445 8.905545344776522 0 
0.0090634375 1.4071251646317937 8.902987752012745 0 
0.009141484375 1.405147492391254 8.8944851188586 0 
0.00921953125 1.403730138007378 8.885629680812933 0 
0.009375625 1.4004181470726214 8.882752340500229 0 
0.0094146484375 1.399148200738854 8.873064893199336 0 
0.009453671875 1.397884659788253 8.86599883332882 0 
0.009531718750000001 1.3961939369478893 8.86302457890322 0 
0.009609765625 1.3947112410799494 8.862725837507288 0 
0.0096487890625 1.3934754538924095 8.85308204408422 0 
0.0096878125 1.3922310236989668 8.845794386556534 0 
0.009765859375 1.391027658817377 8.844757667943213 0 
0.00984390625 1.3892058591909162 8.83613662929547 0 
0.009921953125 1.3867908572783714 8.832608518369296 0 
0.01 1.3850624995881238 8.82426275674407 0 
