P M R nu
1e-07 2.6438782423747686e-05 0.2680557886403507 0 
6.960464417934418e-07 0.0004833686401862037 0.7060392240978975 0 
1.2920928835868835e-06 0.001217156707511122 0.9603795624576218 0 
1.8881393253803254e-06 0.0021406552589803033 1.1590473164633495 0 
2.484185767173767e-06 0.0032163741583252563 1.327290726935051 0 
3.080232208967209e-06 0.004421457037867329 1.4755617813253357 0 
3.676278650760651e-06 0.005739942873323162 1.6093973412622007 0 
4.272325092554092e-06 0.007159802041941789 1.732153440602014 0 
4.868371534347534e-06 0.008671509200902601 1.8460478622222711 0 
5.4644179761409765e-06 0.010267256227520581 1.9526376969267554 0 
6.060464417934418e-06 0.011940476480405708 2.053066429166894 0 
6.656510859727859e-06 0.013685537426862166 2.1482034938103434 0 
7.252557301521301e-06 0.015497531695340254 2.238728518581973 0 
7.848603743314743e-06 0.017372129215692853 2.3251849071830604 0 
8.444650185108185e-06 0.019305469122663448 2.408015394003291 0 
9.040696626901626e-06 0.021294078567323897 2.487586475591749 0 
9.636743068695068e-06 0.023334810335757666 2.564205699700674 0 
1.023278951048851e-05 0.025424793977738544 2.638134210749158 0 
1.082883595228195e-05 0.027561396870684807 2.709596052563767 0 
1.1424882394075393e-05 0.02974219274036573 2.7787851982090976 0 
1.2020928835868835e-05 0.031964935878911194 2.8458709513959097 0 
1.2616975277662277e-05 0.034227539785012175 2.9110021584301973 0 
1.3213021719455719e-05 0.036528059285107065 2.9743105362651323 0 
1.4405114603042603e-05 0.041235682624770016 3.095915481142492 0 
1.5597207486629488e-05 0.0460745498111647 3.211486183519624 0 
1.678930037021637e-05 0.0510328990001817 3.3216751834197753 0 
1.7981393253803253e-05 0.056100210512395644 3.4270231160156164 0 
1.9173486137390137e-05 0.061267012218915985 3.527984116957076 0 
2.036557902097702e-05 0.06652472630448583 3.6249442368229015 0 
2.1557671904563905e-05 0.07186554654415446 3.7182350843930756 0 
2.2749764788150786e-05 0.07728233855266223 3.8081441301414105 0 
2.394185767173767e-05 0.08276855764559994 3.8949226195605604 0 
2.5133950555324555e-05 0.08831818042032585 3.9787917421727323 0 
2.6326043438911436e-05 0.09392564717806644 4.059947505255767 0 
2.751813632249832e-05 0.09958581302258936 4.138564630651582 0 
2.8710229206085204e-05 0.10529390598330482 4.214799704385354 0 
2.990232208967209e-05 0.11104549088474519 4.288793747513248 0 
3.109441497325897e-05 0.11683643796160725 4.360674333456419 0 
3.2286507856845854e-05 0.12266289542689127 4.4305573462081265 0 
3.3478600740432734e-05 0.1285212653592059 4.4985484513956004 0 
3.467069362401962e-05 0.13440818239736432 4.5647443356993636 0 
3.58627865076065e-05 0.1403204948253706 4.629233757862746 0 
3.824697227478027e-05 0.152209667776494 4.753413863154997 0 
4.063115804195404e-05 0.16416724472323865 4.871671330871766 0 
4.301534380912781e-05 0.1761741893235919 4.9845077383907475 0 
4.539952957630157e-05 0.18821362822149523 5.092358847445394 0 
4.778371534347534e-05 0.20027056952107905 5.195606272897602 0 
5.016790111064911e-05 0.21233166734755254 5.294586593947811 0 
5.255208687782287e-05 0.22438502313866268 5.389598564467969 0 
5.493627264499664e-05 0.2364200165737513 5.480908888249382 0 
5.7320458412170406e-05 0.24842716068221204 5.568756895447095 0 
5.9704644179344174e-05 0.26039797687426347 5.653358366903124 0 
6.208882994651794e-05 0.2723248865332242 5.734908689940006 0 
6.44730157136917e-05 0.2842011164865716 5.813585484072171 0 
6.685720148086547e-05 0.29602061619276393 5.889550802305331 0 
6.924138724803924e-05 0.3077779848837514 5.962952989574325 0 
7.1625573015213e-05 0.3194684072188711 6.033928261900847 0 
7.400975878238677e-05 0.33108759625577633 6.102602056312932 0 
7.639394454956054e-05 0.34263174274365377 6.169090191257724 0 
7.877813031673432e-05 0.35409746990483476 6.23349986931114 0 
8.116231608390808e-05 0.3654817930013979 6.295930547835695 0 
8.593068761825561e-05 0.3879960344574911 6.415218472161752 0 
9.069905915260314e-05 0.4101571412600403 6.527621333029066 0 
9.546743068695067e-05 0.431952087238391 6.633722525123567 0 
0.00010023580222129821 0.45337141281892934 6.7340354207720665 0 
0.00010500417375564574 0.4744086225810454 6.8290144532267085 0 
0.00010977254528999327 0.49505968732175976 6.91906402668718 0 
0.00011454091682434081 0.5153226304478035 7.004545756396816 0 
0.00011930928835868835 0.5351971829299665 7.0857844091200235 0 
0.00012407765989303588 0.5546844943785088 7.163072820422658 0 
0.0001288460314273834 0.5737868903322345 7.236675997840177 0 
0.00013361440296173093 0.5925076678072569 7.306834570007837 0 
0.00013838277449607848 0.6108509226728884 7.373767705671591 0 
0.000143151146030426 0.6288214036181575 7.4376755994941295 0 
0.00015268788909912108 0.6636655789850989 7.557134048780024 0 
0.00016222463216781615 0.6970869844119679 7.666505888033359 0 
0.00017176137523651123 0.7291366510565748 7.766892948927888 0 
0.00018129811830520627 0.7598679230961749 7.8592394733063395 0 
0.00019083486137390135 0.7893350698465578 7.944360370958809 0 
0.00020037160444259642 0.8175922918883584 8.022963375560128 0 
0.00020990834751129147 0.8446930164873674 8.095666633419867 0 
0.00021944509057998654 0.8706894063107832 8.163012822055098 0 
0.00022898183364868162 0.8956320258049825 8.225480596483543 0 
0.00024805531978607176 0.9425490047713495 8.337429949870465 0 
0.0002671288059234619 0.9858102381994404 8.434380868147315 0 
0.000286202292060852 1.0257497393799666 8.518630235118932 0 
0.00030527577819824215 1.062669916288802 8.592041391077123 0 
0.0003243492643356323 1.0968434092546966 8.656142213673107 0 
0.0003434227504730224 1.1285154532840174 8.71219738850552 0 
0.0003815697227478027 1.185214217306662 8.804225631994088 0 
0.000419716695022583 1.2342742221494387 8.87474135765406 0 
0.0004578636672973633 1.2769157080877254 8.92853747914528 0 
0.0005341576118469238 1.3467297844022645 8.99930037250624 0 
0.0006104515563964844 1.4006350546955457 9.03586195847037 0 
0.0009156273345947265 1.5229626315235032 9.017720235307085 0 
0.0012208031127929687 1.5713540248900308 8.904550665210225 0 
0.0013733910018920896 1.5825008121239912 8.838997861849178 0 
0.0015259788909912108 1.5885251257227144 8.772472493396624 0 
0.001678566780090332 1.590959829522375 8.706672369314122 0 
0.0018311546691894532 1.5908397863157577 8.642524613312233 0 
0.002136330447387695 1.5855917318482131 8.52088096458354 0 
0.0024415062255859375 1.5763784870109694 8.408957682594286 0 
0.00274668200378418 1.5651038733714708 8.306539645997844 0 
0.003051857781982422 1.5528263156570832 8.212873504753064 0 
0.0033570335601806637 1.5401541732667368 8.127075580625931 0 
0.003662209338378906 1.5274440298790515 8.048285689077415 0 
0.0039673851165771485 1.5149061057912774 7.97572093271735 0 
0.004272560894775391 1.5026629833092067 7.9086890624795565 0 
0.004882912451171875 1.479303531660838 7.788886041700197 0 
0.005493264007568359 1.4575869513531843 7.684934723649867 0 
0.006103615563964843 1.4375011308102073 7.593855489333999 0 
0.006713967120361328 1.4189451325580398 7.513373010467806 0 
0.007324318676757813 1.401789444882812 7.441725317146316 0 
0.007934670233154298 1.3859015400066759 7.377528042764983 0 
0.008545021789550782 1.37115639648334 7.319678313389184 0 
0.00976572490234375 1.3446516765320995 7.219624889381876 0 
0.010986428015136718 1.321507307987703 7.136196258216589 0 
0.012207131127929687 1.301122794226222 7.065677048031471 0 
0.014648537353515626 1.2668602535604514 6.953419581967887 0 
0.01708994357910156 1.2391800285528143 6.868713286897483 0 
0.0195313498046875 1.2163564548516048 6.803239394566793 0 
0.024414162255859375 1.1809924252010544 6.710749030205447 0 
0.02929697470703125 1.154996392496368 6.651218427141603 0 
0.039062599609375 1.1198814308189293 6.586740158591129 0 
0.07812509921875 1.0679355268824895 6.570499184012995 0 
0.11718759882812499 1.0591908290987844 6.635670167763291 0 
0.15625009843749998 1.061645284432094 6.703818277283084 0 
0.23437509765624998 1.0747871956395523 6.815009058576742 0 
0.31250009687499997 1.0888964410480602 6.894952022589463 0 
0.4687500953125 1.11197843289418 6.996545160061786 0 
0.62500009375 1.1285470064724374 7.055384523939144 0 
1.2500000875 1.161810781972829 7.141724004903833 0 
2.500000075 1.179976710514182 7.1569262079091445 0 
5.00000005 1.1835464477687947 7.126999938535121 0 
10.0 1.1776196348170669 7.080586924404739 0 
