P M R nu
1e-07 7.122547419126961e-05 0.4399957873080824 0 
6.960464417934418e-07 0.001298504982652248 1.1576953358328879 0 
1.2920928835868835e-06 0.0032605541430248074 1.5730897810954494 0 
1.8881393253803254e-06 0.005718470047665651 1.896530802376317 0 
2.484185767173767e-06 0.008568330738106757 2.1695810931820607 0 
3.080232208967209e-06 0.011746266749292186 2.4094684597191502 0 
3.676278650760651e-06 0.015207400307063289 2.6253308738798062 0 
4.272325092554092e-06 0.018917749153819448 2.8227142442624857 0 
4.868371534347534e-06 0.022850314085624546 3.0052882861230006 0 
5.4644179761409765e-06 0.026982913239259092 3.175632886431356 0 
6.060464417934418e-06 0.03129686807609215 3.335645169909616 0 
6.656510859727859e-06 0.03577615111919047 3.4867695311517313 0 
7.252557301521301e-06 0.04040680430785099 3.63013656270478 0 
7.848603743314743e-06 0.04517652574374269 3.766651466872471 0 
8.444650185108185e-06 0.05007436633420569 3.897052751181938 0 
9.040696626901626e-06 0.05509050100289837 4.02195258217654 0 
9.636743068695068e-06 0.06021605216195096 4.14186535707494 0 
1.023278951048851e-05 0.06544295083075537 4.257228447340038 0 
1.082883595228195e-05 0.0707638255193195 4.368417588819995 0 
1.1424882394075393e-05 0.07617191201063399 4.475758518029426 0 
1.2020928835868835e-05 0.08166097915835015 4.579535917900898 0 
1.2616975277662277e-05 0.08722526715303619 4.680000397477633 0 
1.3213021719455719e-05 0.09285943563348786 4.777374010013592 0 
1.3809068161249161e-05 0.0985585196703856 4.871854667639115 0 
1.4405114603042603e-05 0.10431789211696937 4.963619711344064 0 
1.5001161044836045e-05 0.11013323116265399 5.052828826176321 0 
1.5597207486629488e-05 0.11600049217847282 5.139626443023306 0 
1.6193253928422928e-05 0.12191588313332721 5.224143733593328 0 
1.678930037021637e-05 0.12787584300467297 5.306500279967333 0 
1.7385346812009812e-05 0.1338770227185993 5.386805481505975 0 
1.7981393253803253e-05 0.13991626824086445 5.465159748047131 0 
1.8577439695596693e-05 0.14599060550848492 5.541655517891602 0 
1.9173486137390137e-05 0.1520972269453804 5.616378131126346 0 
1.976953257918358e-05 0.15823347934868134 5.689406582723359 0 
2.036557902097702e-05 0.1643968529670291 5.760814175110798 0 
2.096162546277046e-05 0.17058497162035965 5.830669086202999 0 
2.1557671904563905e-05 0.17679558373368268 5.899034865950626 0 
2.2153718346357346e-05 0.18302655417630978 5.965970872148222 0 
2.2749764788150786e-05 0.1892758568136217 6.031532654377129 0 
2.334581122994423e-05 0.19554156769151068 6.09577229346501 0 
2.394185767173767e-05 0.20182185878452466 6.158738702630346 0 
2.5133950555324555e-05 0.21441931512141607 6.281033225315345 0 
2.6326043438911436e-05 0.22705531270810256 6.398753670334245 0 
2.751813632249832e-05 0.23971814862345084 6.512201269169119 0 
2.8710229206085204e-05 0.2523972003293883 6.621646338718435 0 
2.990232208967209e-05 0.26508281346931944 6.727332615098774 0 
3.109441497325897e-05 0.27776620429108384 6.829480828124657 0 
3.2286507856845854e-05 0.29043937431656197 6.928291673862686 0 
3.3478600740432734e-05 0.3030950353449054 7.023948305389851 0 
3.467069362401962e-05 0.31572654323596583 7.116618434458916 0 
3.58627865076065e-05 0.32832783920162156 7.20645611633914 0 
3.7054879391193384e-05 0.34089339755468795 7.293603274702101 0 
3.824697227478027e-05 0.3534181790420304 7.378191011697024 0 
3.943906515836716e-05 0.3658975890306506 7.460340739343662 0 
4.063115804195404e-05 0.37832743993070983 7.540165161374735 0 
4.182325092554092e-05 0.3907039173334165 7.617769129185318 0 
4.301534380912781e-05 0.40302354941897683 7.693250391228546 0 
4.420743669271469e-05 0.4152831792536321 7.766700251765523 0 
4.539952957630157e-05 0.42747993964799463 7.838204152131784 0 
4.659162245988846e-05 0.43961123029333343 7.907842185470963 0 
4.778371534347534e-05 0.4516746969298886 7.97568955409395 0 
4.897580822706222e-05 0.4636682123329271 8.041816977160627 0 
5.016790111064911e-05 0.4755898589291098 8.106291055183307 0 
5.135999399423599e-05 0.48743791287869787 8.169174596864165 0 
5.255208687782287e-05 0.49921082947873974 8.23052691296099 0 
5.493627264499664e-05 0.5225258881597148 8.348859185652636 0 
5.7320458412170406e-05 0.5455257769419668 8.461701852523486 0 
5.9704644179344174e-05 0.5682033500189589 8.569427472035516 0 
6.208882994651794e-05 0.5905532758499022 8.672372689947684 0 
6.44730157136917e-05 0.6125717826216084 8.770842833251969 0 
6.685720148086547e-05 0.6342564400374783 8.86511577036913 0 
6.924138724803924e-05 0.6556059716636107 8.955445177141216 0 
7.1625573015213e-05 0.6766200931039398 9.042063317645361 0 
7.400975878238677e-05 0.697299372104392 9.125183425821291 0 
7.639394454956054e-05 0.7176451073498249 9.205001756335175 0 
7.877813031673432e-05 0.737659223253618 9.281699359567915 0 
8.116231608390808e-05 0.7573441784755834 9.355443625093612 0 
8.354650185108184e-05 0.7767028862606604 9.426389629764122 0 
8.593068761825561e-05 0.7957386449845041 9.494681319995468 0 
8.831487338542938e-05 0.8144550775352121 9.560452552660385 0 
9.069905915260314e-05 0.8328560783626033 9.623828014828216 0 
9.308324491977691e-05 0.8509457671955304 9.68492403923335 0 
9.546743068695067e-05 0.8687284485695986 9.743849329624458 0 
0.00010023580222129821 0.9033907231533578 9.85558819324025 0 
0.00010500417375564574 0.9368797958913262 9.959784612476597 0 
0.00010977254528999327 0.9692336675868313 10.057091570599315 0 
0.00011454091682434081 1.0004908209291354 10.148087943954954 0 
0.00011930928835868835 1.0306897454169637 10.233289092822496 0 
0.00012407765989303588 1.0598685787604967 10.313155617906164 0 
0.0001288460314273834 1.0880648389533578 10.388100655301118 0 
0.00013361440296173093 1.1153152270641702 10.458495996161993 0 
0.00013838277449607848 1.1416554852459 10.524677253205976 0 
0.000143151146030426 1.1671202978635453 10.586948248156453 0 
0.00015268788909912108 1.2155566697067193 10.700837728813017 0 
0.00016222463216781615 1.2608787917288946 10.802088946365894 0 
0.00017176137523651123 1.30332226781903 10.892309346982385 0 
0.00018129811830520627 1.3431042459713352 10.972852535399326 0 
0.00019083486137390135 1.380424265429163 11.044866703687896 0 
0.00020037160444259642 1.4154653439269267 11.10933222650281 0 
0.00020990834751129147 1.448395169290179 11.16709119451343 0 
0.00022898183364868162 1.5085224075042167 11.265302448414404 0 
0.00024805531978607176 1.5618860062135587 11.344254435581886 0 
0.0002671288059234619 1.6093932364477042 11.407588075195417 0 
0.00030527577819824215 1.6897778899794957 11.498127171103059 0 
0.0003434227504730224 1.754493552588128 11.55322051560525 0 
0.0003815697227478027 1.807038817833681 11.583405120074948 0 
0.0004578636672973633 1.8853114296970666 11.595106779995412 0 
0.0006104515563964844 1.9751427943739253 11.518978093720149 0 
0.000686745500946045 2.000172687806365 11.458570699823397 0 
0.0007630394454956054 2.017029363444101 11.392088753177909 0 
0.0008393333900451659 2.027969739527718 11.322846747111836 0 
0.0009156273345947265 2.0345536438283154 11.252853521895572 0 
0.000991921279144287 2.0378853146732805 11.183338277438274 0 
0.0010682152236938477 2.038762636797585 11.115051084306124 0 
0.001144509168243408 2.0377723616156853 11.048440956204058 0 
0.0012208031127929687 2.0353525800904415 10.983764606158472 0 
0.0013733910018920896 2.027472425649571 10.860662681953423 0 
0.0015259788909912108 2.0169554334247457 10.745998066446733 0 
0.001678566780090332 2.004911202510886 10.63943412511414 0 
0.0018311546691894532 1.992031055877198 10.540406507572502 0 
0.0019837425582885744 1.9787547363167437 10.448286114164597 0 
0.002136330447387695 1.9653657084137375 10.362452400255261 0 
0.0022889183364868163 1.9520477775489462 10.282324741605505 0 
0.0024415062255859375 1.9389198297616121 10.207373820376592 0 
0.0025940941146850587 1.9260577369759306 10.137123518999193 0 
0.00274668200378418 1.9135084938496691 10.071148458495454 0 
0.003051857781982422 1.8894449080214246 9.950550078333857 0 
0.0033570335601806637 1.86681241998551 9.843019096550579 0 
0.003662209338378906 1.8455878495200877 9.746519230240375 0 
0.0039673851165771485 1.8257001941973439 9.659417860251649 0 
0.004272560894775391 1.8070594268929439 9.580393518774128 0 
0.004577736672973632 1.7895707802647969 9.508366015979004 0 
0.004882912451171875 1.773141740087101 9.442443889813456 0 
0.005493264007568359 1.743121210419398 9.326064999179506 0 
0.006103615563964843 1.7163844831778843 9.226610250212179 0 
0.006713967120361328 1.6924260249358938 9.140708754843109 0 
0.007324318676757813 1.670833817756711 9.065849856544416 0 
0.007934670233154298 1.6512719404609046 9.000120977083004 0 
0.008545021789550782 1.6334651103058964 8.942036582874156 0 
0.00976572490234375 1.6022460992821435 8.844340247515879 0 
0.010986428015136718 1.5757740132993199 8.765846055032853 0 
0.012207131127929687 1.5530508206553963 8.701908511322596 0 
0.014648537353515626 1.5161129633466564 8.605609253234222 0 
0.01708994357910156 1.4874737912880596 8.538603693392808 0 
0.0195313498046875 1.4647433001337464 8.49131090672741 0 
0.039062599609375 1.3810987244003063 8.401078083070479 0 
0.058593849414062496 1.3601542392839143 8.45460145296399 0 
0.07812509921875 1.357211679453311 8.527730081063162 0 
0.09765634902343749 1.3609600254228131 8.598164913937026 0 
0.11718759882812499 1.3673740573236348 8.661206959275786 0 
0.15625009843749998 1.3823784769476088 8.76460175458307 0 
0.19531259804687498 1.396981055641691 8.84338351772445 0 
0.23437509765624998 1.4100716668160695 8.90421140528256 0 
0.31250009687499997 1.4315241856233374 8.990056033518336 0 
0.4687500953125 1.460443850706992 9.083980200456963 0 
0.62500009375 1.4782356097898095 9.129456751466048 0 
1.2500000875 1.507369124796595 9.172185249361007 0 
2.500000075 1.516748119097866 9.146369861670788 0 
5.00000005 1.511831499706953 9.089610246065032 0 
10.0 1.5001832131013528 9.032443713103001 0 
